20 20
181
3.0
0.27 0.773
0.668 2.763
0.985 4.192
0.48 7.102
0.627 9.213
0.099 11.802
0.625 12.527
0.924 19.543
1.972 0.023
1.181 3.061
1.432 4.003
1.593 5.505
1.031 6.725
1.142 10.492
1.286 17.222
1.9 18.064
2.36 2.187
2.974 3.413
2.17 6.27
2.833 8.235
2.76 14.711
3.667 0.896
3.55 1.285
3.694 2.14
3.624 4.695
3.125 5.019
3.694 6.576
3.302 8.658
3.466 10.371
3.593 14.678
3.484 15.851
3.464 16.018
3.152 17.119
3.087 18.8
4.926 2.06
4.757 7.01
4.315 9.17
4.227 11.576
4.758 13.043
4.109 16.164
4.086 17.882
5.487 1.565
5.474 7.577
5.627 9.625
5.928 10.629
5.52 13.423
5.962 14.902
5.596 18.123
6.261 1.737
6.525 2.195
6.26 4.264
6.116 8.202
6.326 9.03
6.771 10.011
6.547 11.411
6.52 15.153
6.924 16.79
6.763 17.188
6.851 18.94
6.829 19.662
7.713 1.9
7.578 3.958
7.007 6.365
7.2 8.477
7.439 10.058
7.76 13.303
7.324 14.357
7.108 15.477
8.887 0.113
8.85 1.801
8.428 7.46
8.384 9.993
8.54 10.405
8.704 12.111
8.356 13.835
8.35 15.072
8.485 16.823
8.216 17.556
9.357 0.626
9.357 2.526
9.271 4.337
9.361 8.869
9.022 15.896
9.112 16.617
10.696 0.717
10.041 5.585
10.129 9.423
10.565 10.229
10.932 11.559
10.855 16.296
10.962 18.053
10.734 19.584
11.972 2.654
11.369 5.457
11.963 11.532
11.483 14.607
11.635 15.911
11.848 19.067
12.938 0.675
12.142 1.223
12.511 2.754
12.175 5.741
12.825 8.459
12.87 10.221
12.934 12.626
12.783 13.205
12.398 14.85
12.701 16.279
12.734 19.193
13.534 1.637
13.993 3.556
13.705 6.176
13.548 8.962
13.3 13.881
13.641 14.413
13.855 18.855
14.462 2.142
14.877 4.611
14.678 5.424
14.443 6.752
14.673 8.296
14.313 9.04
14.072 10.875
14.61 11.818
14.932 16.017
14.695 17.112
14.831 19.169
15.488 1.04
15.09 2.685
15.589 4.497
15.145 6.99
15.314 8.353
15.74 10.651
15.258 11.044
15.759 14.335
15.605 15.192
15.181 16.264
16.829 1.503
16.608 4.775
16.997 5.292
16.556 6.549
16.627 7.561
16.541 8.467
16.24 9.129
16.174 11.813
16.077 14.601
16.683 16.215
16.992 19.213
17.601 0.824
17.759 1.392
17.428 2.67
17.084 3.027
17.786 8.075
17.97 10.498
17.847 15.287
17.503 16.604
17.663 17.221
17.363 18.706
17.171 19.01
18.24 2.489
18.542 4.164
18.913 6.619
18.704 7.591
18.232 8.818
18.205 9.75
18.539 10.975
18.422 14.303
18.247 15.098
18.648 17.584
18.864 18.971
18.075 19.913
19.712 3.545
19.678 4.546
19.262 7.769
19.985 8.519
19.944 10.289
19.54 12.865
19.508 13.245
19.87 15.318
19.323 17.601
19.472 19.132
