1113
2
24
43.7436 44.8262 
6.5186 3.85354 
46.3819 5.84909 
3.91316 45.0136 
22.9128 21.7015 
46.0229 25.8921 
26.1797 43.2925 
28.3547 3.62791 
5.26839 25.4272 
15.7641 32.4328 
34.7947 34.0795 
44.8176 34.6897 
14.217 23.295 
33.9224 22.0543 
17.0546 4.88497 
32.6101 46.4393 
25.862 32.023 
4.04716 12.0956 
24.4565 11.4121 
14.0148 13.4271 
34.4246 12.3144 
4.93827 35.6073 
15.7774 44.5176 
44.5447 16.444 
38.3462 4.36984 
13 22 11 16 2 7 3 17 14 23 10 4 16 22 5 14 2 3 16 0 23 22 11 16 4 5 8 12 2 18 11 16 6 22 6 22 21 2 19 23 0 16 5 6 12 8 11 2 2 21 3 22 22 8 20 16 23 6 16 4 14 14 17 9 23 16 0 21 0 9 8 14 5 2 2 4 23 18 20 23 5 11 21 18 1 18 0 13 23 23 20 10 22 14 6 19 20 11 22 14 7 10 1 4 4 17 21 10 24 3 14 11 22 9 13 6 10 9 13 16 1 16 13 24 21 24 7 3 12 10 13 1 4 11 6 8 22 17 8 9 6 22 0 10 13 13 5 17 17 14 12 6 18 20 13 22 13 22 1 3 12 12 11 6 19 17 11 22 11 2 6 15 18 8 23 21 20 9 17 6 3 13 10 21 20 9 6 4 15 0 6 14 14 21 9 0 5 6 7 20 5 0 14 1 23 10 9 19 10 18 3 6 9 23 13 20 18 22 19 21 11 13 17 11 11 14 11 19 13 17 19 12 7 6 13 11 1 2 21 4 9 23 4 19 2 7 10 6 10 10 14 2 24 5 5 10 23 8 15 11 0 0 20 8 9 24 14 24 3 11 19 18 7 6 12 8 8 16 4 0 9 24 10 0 6 2 3 0 8 7 16 10 24 22 18 20 1 14 15 0 14 21 21 6 18 11 7 8 24 10 12 20 8 5 12 22 21 14 8 24 20 5 10 2 2 22 22 22 5 22 16 9 13 21 22 21 5 21 8 11 22 17 24 12 12 10 13 5 13 19 8 20 11 9 19 17 20 5 24 0 19 0 15 22 23 19 15 8 19 22 8 17 0 22 21 12 21 20 14 18 0 17 14 4 7 12 4 23 15 22 17 21 3 1 5 19 15 14 23 0 7 1 19 11 22 15 23 10 6 8 8 1 5 22 9 19 11 1 5 9 11 12 20 20 8 10 10 7 9 18 3 22 18 5 9 1 17 2 7 13 14 3 15 2 4 10 9 18 10 24 20 10 7 19 9 22 2 6 1 11 13 8 15 6 1 23 15 2 6 3 17 13 7 18 21 0 13 8 4 16 13 17 2 21 20 10 7 10 3 22 18 16 16 16 16 10 17 15 2 9 19 19 18 23 9 0 8 23 12 19 19 9 16 9 21 2 20 6 20 16 0 10 21 13 23 0 12 2 7 4 13 12 7 22 5 22 6 2 16 6 5 6 13 0 9 22 17 7 11 6 7 15 10 18 2 8 3 19 22 22 5 14 15 0 22 5 7 18 0 1 23 9 19 12 15 5 2 11 16 5 22 6 16 18 5 10 23 3 16 2 0 9 10 21 12 10 11 15 10 24 23 20 23 9 7 7 4 9 8 23 12 6 16 7 9 20 1 7 2 1 20 22 0 16 19 18 8 21 18 4 4 0 21 9 15 17 15 5 23 4 23 22 12 19 22 15 22 7 9 18 4 9 17 8 23 3 15 13 14 16 4 15 0 12 8 24 16 9 4 2 12 15 13 4 16 3 6 9 8 14 18 16 20 23 1 13 11 5 17 13 20 3 13 5 19 8 3 1 13 10 20 18 16 20 17 10 19 21 11 24 4 18 24 17 7 20 2 4 5 2 12 0 16 3 0 2 20 9 2 16 2 24 18 11 13 22 17 0 13 5 20 23 10 5 5 8 20 8 8 9 3 16 15 1 13 5 6 20 11 0 19 6 10 19 2 4 12 9 24 20 0 19 16 20 16 9 13 15 15 15 12 17 8 16 13 21 8 11 6 10 9 24 2 7 11 4 8 19 24 24 16 15 5 20 14 18 1 10 18 10 7 5 8 19 11 21 1 13 11 15 9 23 14 14 22 0 10 24 18 8 14 14 16 13 8 3 21 9 6 2 20 7 11 19 4 10 22 21 17 2 24 14 22 23 14 21 4 14 17 6 8 1 0 3 6 18 20 23 8 21 22 20 22 7 17 23 1 20 0 19 0 6 22 19 20 15 13 0 0 17 22 21 8 0 20 6 22 18 0 3 0 8 9 11 10 15 21 5 13 11 6 0 13 14 13 18 20 23 12 13 4 19 19 22 5 6 11 14 11 20 9 11 9 2 16 21 8 12 13 22 24 14 20 9 9 22 2 15 18 16 17 5 8 9 6 22 18 1 24 7 1 0 1 2 18 23 22 24 18 22 0 1 15 2 9 17 11 10 10 18 13 10 13 19 20 23 12 15 1 12 18 19 1 21 5 11 12 0 3 23 2 13 19 7 10 11 21 17 5 15 21 24 12 11 3 1 23 22 0 11 5 1 22 12 13 12 0 19 0 6 4 6 11 2 16 15 12 2 10 11 5 6 11 5 4 21 14 4 13 12 7 4 24 20 10 16 4 4 22 11 23 19 4 2 10 13 10 21 13 22 1 17 21 11 22 16 22 23 7 19 6 14 15 7 20 20 5 21 18 8 15 9 20 22 16 19 18 7 11 21 12 15 17 20 1 24 17 5 8 13 5 5 5 
