#So luong nut la la
2200
#Toa do cac nut
23.012 32.449 0.0
30.913 13.730 0.0
0.957 10.964 0.0
48.769 38.188 0.0
9.186 32.400 0.0
35.154 43.578 0.0
10.980 18.973 0.0
24.904 5.028 0.0
12.939 41.597 0.0
18.132 29.822 0.0
16.160 10.978 0.0
33.786 34.379 0.0
23.264 7.142 0.0
5.452 13.189 0.0
32.050 47.685 0.0
3.039 12.457 0.0
16.688 37.507 0.0
44.273 30.027 0.0
0.396 30.516 0.0
48.112 42.321 0.0
9.280 16.836 0.0
28.085 8.469 0.0
15.658 27.450 0.0
27.359 21.616 0.0
30.587 21.860 0.0
8.892 17.442 0.0
39.555 43.358 0.0
33.427 10.361 0.0
42.319 40.816 0.0
35.251 8.564 0.0
7.747 15.492 0.0
40.702 10.090 0.0
37.169 6.312 0.0
17.169 3.471 0.0
45.239 27.316 0.0
41.022 38.118 0.0
15.585 16.522 0.0
31.314 41.600 0.0
19.627 46.312 0.0
12.383 43.233 0.0
0.881 31.654 0.0
42.534 15.983 0.0
23.769 3.946 0.0
27.884 21.597 0.0
15.505 45.082 0.0
30.142 37.077 0.0
41.997 48.458 0.0
24.605 4.145 0.0
3.838 41.072 0.0
19.964 27.183 0.0
16.469 13.618 0.0
14.683 49.278 0.0
49.371 13.504 0.0
35.607 10.479 0.0
42.752 9.147 0.0
33.278 37.126 0.0
46.604 32.514 0.0
44.940 26.217 0.0
36.252 0.934 0.0
30.678 24.183 0.0
0.528 8.463 0.0
40.251 5.118 0.0
23.586 11.735 0.0
28.260 29.599 0.0
39.030 15.152 0.0
3.067 11.502 0.0
25.489 35.505 0.0
20.536 36.914 0.0
36.093 46.691 0.0
17.111 16.199 0.0
10.380 21.038 0.0
18.008 7.525 0.0
6.113 44.948 0.0
5.362 27.778 0.0
10.162 43.068 0.0
38.065 14.679 0.0
42.217 46.973 0.0
29.717 22.119 0.0
2.379 41.507 0.0
13.641 19.277 0.0
33.905 14.329 0.0
4.204 22.896 0.0
25.315 21.967 0.0
1.863 21.279 0.0
11.887 18.737 0.0
35.248 47.981 0.0
5.156 23.254 0.0
37.420 33.002 0.0
30.459 20.948 0.0
14.947 49.325 0.0
36.790 19.974 0.0
37.875 33.088 0.0
10.266 42.253 0.0
5.850 36.348 0.0
22.373 40.931 0.0
30.644 22.456 0.0
26.812 40.559 0.0
18.198 35.385 0.0
34.249 46.472 0.0
33.876 15.996 0.0
42.567 15.427 0.0
43.123 0.213 0.0
31.321 20.453 0.0
35.954 16.318 0.0
43.009 28.995 0.0
17.761 1.213 0.0
20.493 44.979 0.0
30.850 28.336 0.0
49.477 42.203 0.0
10.773 33.199 0.0
17.257 38.586 0.0
29.054 35.974 0.0
44.163 28.232 0.0
29.241 44.449 0.0
22.062 1.035 0.0
26.305 24.786 0.0
5.110 37.562 0.0
10.419 1.990 0.0
41.525 20.373 0.0
24.852 46.784 0.0
11.561 1.576 0.0
24.315 20.655 0.0
46.128 10.431 0.0
14.480 36.247 0.0
42.506 24.121 0.0
25.578 45.980 0.0
18.468 9.420 0.0
33.004 47.824 0.0
3.799 22.932 0.0
5.670 43.451 0.0
8.679 32.794 0.0
38.485 0.696 0.0
31.662 45.342 0.0
8.799 9.158 0.0
26.129 36.033 0.0
37.879 25.105 0.0
32.966 45.188 0.0
37.593 29.390 0.0
8.984 5.525 0.0
29.343 20.022 0.0
35.109 20.332 0.0
36.975 29.210 0.0
25.744 8.200 0.0
27.938 43.265 0.0
30.860 22.697 0.0
7.243 12.548 0.0
25.358 43.083 0.0
6.947 17.829 0.0
16.022 15.253 0.0
9.807 8.855 0.0
15.015 0.432 0.0
49.527 0.742 0.0
30.247 12.853 0.0
41.572 3.849 0.0
7.209 46.625 0.0
17.941 23.222 0.0
23.879 6.329 0.0
16.442 44.404 0.0
40.186 15.454 0.0
10.078 23.423 0.0
36.157 31.781 0.0
4.917 20.110 0.0
38.373 48.999 0.0
35.501 5.570 0.0
32.643 9.453 0.0
45.268 36.548 0.0
41.891 43.743 0.0
5.735 21.763 0.0
12.217 39.120 0.0
2.254 7.819 0.0
46.746 20.084 0.0
46.040 35.241 0.0
6.498 1.403 0.0
11.875 8.368 0.0
9.811 45.923 0.0
48.382 36.394 0.0
7.034 26.912 0.0
13.118 36.635 0.0
35.194 7.481 0.0
47.827 45.317 0.0
18.120 7.651 0.0
30.185 5.578 0.0
21.098 33.009 0.0
17.097 47.194 0.0
45.598 37.585 0.0
31.184 37.613 0.0
8.764 37.565 0.0
36.508 19.287 0.0
44.478 31.780 0.0
1.739 3.989 0.0
37.610 19.505 0.0
9.009 20.848 0.0
10.745 36.050 0.0
34.518 11.164 0.0
23.171 1.875 0.0
2.562 29.710 0.0
15.191 1.498 0.0
48.148 49.201 0.0
36.917 24.346 0.0
14.579 21.874 0.0
39.641 10.889 0.0
11.483 29.731 0.0
29.587 3.868 0.0
15.650 2.862 0.0
38.405 6.256 0.0
11.718 3.524 0.0
2.106 44.705 0.0
42.284 12.133 0.0
10.319 29.651 0.0
17.316 10.199 0.0
40.711 41.014 0.0
20.890 34.355 0.0
29.226 1.468 0.0
49.225 25.124 0.0
45.374 27.635 0.0
17.728 13.811 0.0
43.245 23.240 0.0
36.367 31.030 0.0
43.129 47.250 0.0
22.047 30.737 0.0
15.681 4.330 0.0
43.866 4.394 0.0
40.406 14.580 0.0
32.155 10.879 0.0
42.930 24.422 0.0
25.004 19.119 0.0
30.966 20.783 0.0
26.627 2.059 0.0
47.223 6.244 0.0
10.367 32.553 0.0
38.549 33.721 0.0
15.387 14.031 0.0
4.576 35.414 0.0
10.176 31.387 0.0
35.825 12.246 0.0
27.896 30.432 0.0
30.774 26.840 0.0
18.258 27.473 0.0
43.764 15.188 0.0
8.164 14.098 0.0
10.765 49.586 0.0
18.650 6.093 0.0
28.012 48.198 0.0
48.809 39.552 0.0
19.303 34.604 0.0
8.310 41.730 0.0
21.381 4.111 0.0
8.909 48.936 0.0
43.186 2.266 0.0
11.900 8.870 0.0
14.059 14.991 0.0
22.847 40.198 0.0
27.955 9.099 0.0
27.138 27.881 0.0
15.631 46.534 0.0
19.901 8.793 0.0
34.397 25.637 0.0
1.671 48.499 0.0
5.526 27.972 0.0
36.782 26.720 0.0
2.702 19.802 0.0
4.969 35.973 0.0
0.975 23.170 0.0
17.866 5.154 0.0
34.633 32.744 0.0
21.200 37.397 0.0
34.100 11.047 0.0
10.339 49.489 0.0
16.549 46.527 0.0
1.571 18.272 0.0
42.218 6.017 0.0
23.976 28.057 0.0
18.648 5.601 0.0
27.106 21.840 0.0
37.976 11.592 0.0
37.789 38.333 0.0
18.266 16.458 0.0
45.347 16.222 0.0
38.411 12.820 0.0
48.268 16.894 0.0
7.598 12.395 0.0
6.939 6.908 0.0
44.534 25.719 0.0
16.440 1.945 0.0
8.673 32.786 0.0
40.594 4.629 0.0
25.548 34.381 0.0
33.474 19.678 0.0
30.963 28.798 0.0
17.396 1.158 0.0
24.297 8.889 0.0
37.056 28.271 0.0
19.447 19.939 0.0
17.927 18.074 0.0
13.045 9.734 0.0
23.268 15.800 0.0
3.507 38.376 0.0
28.202 6.027 0.0
41.190 46.881 0.0
11.182 10.870 0.0
19.485 10.419 0.0
2.865 34.550 0.0
29.014 24.156 0.0
29.922 27.244 0.0
42.278 37.100 0.0
46.654 24.952 0.0
24.074 12.110 0.0
10.384 26.256 0.0
23.794 48.244 0.0
27.580 41.328 0.0
49.322 5.038 0.0
26.382 43.303 0.0
48.648 16.963 0.0
47.826 17.230 0.0
34.578 30.297 0.0
42.405 37.210 0.0
29.926 33.980 0.0
10.815 8.044 0.0
35.438 40.609 0.0
37.752 33.745 0.0
30.388 3.691 0.0
35.445 21.592 0.0
6.222 32.492 0.0
39.233 47.077 0.0
6.949 36.390 0.0
30.959 42.023 0.0
6.077 46.504 0.0
7.198 25.477 0.0
38.791 23.563 0.0
8.423 24.512 0.0
29.818 17.445 0.0
32.087 30.031 0.0
11.962 45.670 0.0
17.295 0.819 0.0
17.623 5.192 0.0
11.261 17.674 0.0
45.819 24.326 0.0
8.060 48.238 0.0
10.173 49.333 0.0
38.311 12.322 0.0
9.142 43.297 0.0
34.403 36.985 0.0
28.347 3.250 0.0
49.590 10.389 0.0
36.306 25.220 0.0
20.906 33.551 0.0
19.071 15.836 0.0
35.188 29.497 0.0
16.334 13.472 0.0
34.732 0.073 0.0
21.414 41.489 0.0
34.079 21.637 0.0
40.191 21.092 0.0
12.290 42.252 0.0
19.551 21.564 0.0
45.663 34.602 0.0
4.182 21.171 0.0
4.337 20.859 0.0
11.674 42.935 0.0
2.432 17.957 0.0
29.786 15.628 0.0
15.513 4.373 0.0
36.470 41.838 0.0
10.985 32.352 0.0
22.795 31.788 0.0
26.774 2.788 0.0
11.251 33.659 0.0
31.127 33.451 0.0
7.095 8.668 0.0
1.703 35.117 0.0
48.357 11.822 0.0
25.258 14.286 0.0
30.954 47.390 0.0
40.170 45.657 0.0
28.912 21.458 0.0
22.807 2.299 0.0
6.160 12.639 0.0
5.335 46.523 0.0
25.555 26.002 0.0
6.911 19.893 0.0
2.859 34.569 0.0
12.444 26.516 0.0
28.230 47.390 0.0
43.080 29.750 0.0
35.456 23.082 0.0
30.418 28.854 0.0
39.652 23.023 0.0
32.077 48.722 0.0
37.413 18.891 0.0
9.700 12.798 0.0
19.535 35.156 0.0
31.726 26.589 0.0
35.317 18.276 0.0
12.339 26.724 0.0
19.202 30.875 0.0
4.891 48.455 0.0
45.046 20.955 0.0
32.786 32.676 0.0
10.655 13.340 0.0
13.334 32.085 0.0
25.406 12.975 0.0
10.382 34.934 0.0
26.735 47.432 0.0
39.699 3.972 0.0
37.078 9.049 0.0
47.010 27.646 0.0
41.444 35.497 0.0
32.335 0.410 0.0
17.224 41.237 0.0
5.896 39.050 0.0
32.055 31.334 0.0
30.183 2.382 0.0
42.621 43.405 0.0
30.023 12.339 0.0
27.098 23.090 0.0
37.465 25.535 0.0
16.652 43.358 0.0
31.144 25.697 0.0
6.828 28.236 0.0
30.395 49.036 0.0
28.022 37.066 0.0
12.870 16.554 0.0
35.269 6.283 0.0
40.631 29.607 0.0
41.543 31.909 0.0
3.802 37.587 0.0
15.458 7.397 0.0
22.713 9.513 0.0
43.841 8.337 0.0
39.198 34.524 0.0
21.954 37.586 0.0
25.195 39.801 0.0
29.342 11.871 0.0
42.132 48.268 0.0
27.254 33.621 0.0
47.707 2.584 0.0
24.373 49.856 0.0
17.637 6.403 0.0
1.184 3.345 0.0
28.675 28.643 0.0
9.753 29.877 0.0
35.809 31.602 0.0
24.886 49.554 0.0
20.916 19.155 0.0
14.703 39.256 0.0
42.334 6.985 0.0
23.498 8.091 0.0
24.852 42.818 0.0
17.440 27.547 0.0
47.426 0.971 0.0
34.124 43.334 0.0
11.545 42.182 0.0
0.304 16.429 0.0
6.658 16.645 0.0
38.205 6.737 0.0
30.303 45.449 0.0
19.768 23.934 0.0
19.646 43.206 0.0
49.878 26.584 0.0
8.070 42.565 0.0
14.179 2.396 0.0
35.074 49.507 0.0
14.441 9.627 0.0
10.334 46.854 0.0
34.590 2.065 0.0
13.036 22.247 0.0
33.514 47.766 0.0
45.766 26.020 0.0
46.528 34.774 0.0
8.167 13.842 0.0
46.003 35.437 0.0
9.340 48.779 0.0
13.057 24.589 0.0
49.547 27.523 0.0
6.467 15.880 0.0
21.137 5.925 0.0
31.970 44.849 0.0
5.842 29.690 0.0
14.988 36.928 0.0
30.571 27.112 0.0
12.488 3.517 0.0
36.674 42.069 0.0
15.146 9.517 0.0
18.270 27.144 0.0
39.292 1.246 0.0
43.685 28.709 0.0
39.206 24.546 0.0
40.315 28.065 0.0
34.260 49.079 0.0
47.273 5.356 0.0
42.114 46.268 0.0
22.098 15.826 0.0
38.744 45.203 0.0
27.485 11.247 0.0
28.394 12.883 0.0
21.492 2.839 0.0
1.750 22.663 0.0
30.036 45.859 0.0
38.574 37.474 0.0
43.582 30.182 0.0
21.870 42.449 0.0
0.924 35.652 0.0
24.210 14.979 0.0
1.670 5.767 0.0
3.311 18.877 0.0
25.642 8.349 0.0
3.135 3.336 0.0
31.796 37.240 0.0
48.881 26.676 0.0
11.429 14.791 0.0
49.022 9.485 0.0
30.483 30.925 0.0
25.283 1.692 0.0
13.567 0.903 0.0
31.865 23.377 0.0
47.943 40.572 0.0
48.560 9.623 0.0
19.186 44.813 0.0
38.482 5.668 0.0
31.475 12.230 0.0
0.054 19.704 0.0
14.552 36.657 0.0
14.639 47.248 0.0
26.268 34.003 0.0
45.719 32.751 0.0
24.324 41.126 0.0
32.895 31.277 0.0
3.350 12.007 0.0
44.150 25.483 0.0
23.746 45.268 0.0
2.775 40.895 0.0
46.897 6.292 0.0
41.177 35.528 0.0
37.259 6.608 0.0
2.369 18.256 0.0
45.640 23.036 0.0
11.367 24.036 0.0
49.506 29.113 0.0
22.955 43.070 0.0
45.585 21.792 0.0
19.297 15.309 0.0
17.201 7.041 0.0
30.759 11.303 0.0
33.786 9.075 0.0
35.944 25.362 0.0
32.858 39.216 0.0
12.438 7.199 0.0
35.379 2.087 0.0
8.044 3.825 0.0
3.827 28.770 0.0
33.401 24.296 0.0
18.630 8.858 0.0
40.774 26.115 0.0
22.637 45.890 0.0
0.564 3.596 0.0
15.193 33.603 0.0
16.599 35.266 0.0
17.117 43.597 0.0
33.634 19.551 0.0
25.330 28.573 0.0
35.653 45.364 0.0
31.268 29.121 0.0
11.542 7.033 0.0
40.303 26.199 0.0
25.492 30.969 0.0
0.359 5.888 0.0
23.105 34.948 0.0
26.676 47.813 0.0
30.570 39.460 0.0
46.235 13.668 0.0
13.532 44.662 0.0
29.747 47.732 0.0
4.298 25.708 0.0
31.307 6.922 0.0
30.875 33.900 0.0
15.833 14.004 0.0
39.033 20.995 0.0
22.197 23.889 0.0
39.015 29.284 0.0
35.648 9.597 0.0
31.849 10.585 0.0
26.518 11.450 0.0
26.303 3.175 0.0
3.487 0.315 0.0
46.438 6.874 0.0
28.773 33.302 0.0
1.444 2.975 0.0
49.448 28.249 0.0
44.001 17.522 0.0
13.836 1.498 0.0
30.726 23.571 0.0
14.417 2.033 0.0
18.473 20.484 0.0
28.998 33.866 0.0
33.202 16.060 0.0
20.050 37.699 0.0
33.935 20.357 0.0
48.057 2.381 0.0
12.925 38.442 0.0
8.466 46.430 0.0
24.567 22.958 0.0
13.430 49.989 0.0
19.830 16.435 0.0
8.886 27.983 0.0
29.993 27.537 0.0
44.746 15.955 0.0
43.378 45.073 0.0
0.942 41.090 0.0
1.369 48.552 0.0
14.932 22.262 0.0
5.553 24.255 0.0
6.887 34.610 0.0
26.061 41.414 0.0
7.223 36.089 0.0
32.311 33.912 0.0
7.420 35.728 0.0
31.275 19.115 0.0
29.116 35.927 0.0
45.099 16.953 0.0
38.374 3.992 0.0
39.481 9.151 0.0
21.711 21.363 0.0
26.525 0.648 0.0
37.967 22.474 0.0
10.988 12.665 0.0
15.443 19.061 0.0
26.797 49.628 0.0
26.865 9.842 0.0
21.515 40.213 0.0
45.653 50.000 0.0
40.023 6.145 0.0
15.774 49.639 0.0
35.122 11.065 0.0
4.001 35.491 0.0
41.973 35.775 0.0
47.786 45.551 0.0
45.336 15.474 0.0
14.183 32.017 0.0
43.420 9.221 0.0
45.210 23.957 0.0
19.840 1.799 0.0
32.932 47.440 0.0
25.630 13.371 0.0
43.111 17.547 0.0
46.564 12.921 0.0
39.775 3.605 0.0
37.145 47.291 0.0
4.284 26.302 0.0
41.535 8.852 0.0
41.537 22.891 0.0
43.418 21.308 0.0
22.897 14.622 0.0
41.341 24.956 0.0
30.044 28.736 0.0
33.432 39.845 0.0
36.519 15.886 0.0
15.548 27.693 0.0
44.034 12.685 0.0
49.894 11.183 0.0
28.756 28.244 0.0
46.943 42.306 0.0
48.715 32.997 0.0
22.097 39.793 0.0
17.249 47.924 0.0
39.925 39.355 0.0
8.985 22.342 0.0
43.071 19.436 0.0
34.219 48.838 0.0
29.932 29.526 0.0
44.758 44.648 0.0
45.106 7.651 0.0
19.324 29.789 0.0
29.216 28.617 0.0
19.392 3.608 0.0
40.256 24.841 0.0
7.028 13.050 0.0
6.850 17.116 0.0
24.687 17.912 0.0
4.934 33.582 0.0
3.226 40.629 0.0
13.305 31.296 0.0
38.442 40.730 0.0
0.177 16.347 0.0
8.338 26.981 0.0
22.445 35.225 0.0
43.020 13.484 0.0
31.712 32.291 0.0
6.609 39.476 0.0
26.295 35.625 0.0
5.934 6.458 0.0
16.397 46.273 0.0
3.834 40.405 0.0
30.443 13.969 0.0
35.903 11.273 0.0
34.159 35.770 0.0
8.241 36.814 0.0
10.411 12.751 0.0
40.360 12.774 0.0
7.020 43.854 0.0
11.757 46.956 0.0
1.856 25.341 0.0
22.904 30.367 0.0
9.311 8.891 0.0
41.372 4.644 0.0
9.959 1.319 0.0
21.649 31.343 0.0
25.685 14.133 0.0
12.852 35.301 0.0
35.831 41.731 0.0
1.965 31.228 0.0
36.028 12.856 0.0
31.503 0.002 0.0
30.317 21.163 0.0
29.580 8.698 0.0
18.851 47.217 0.0
47.225 16.277 0.0
48.031 36.043 0.0
12.518 25.106 0.0
27.303 41.494 0.0
33.584 26.979 0.0
36.968 41.105 0.0
12.857 1.144 0.0
4.364 12.868 0.0
23.117 1.014 0.0
11.568 48.409 0.0
41.772 15.692 0.0
16.351 5.414 0.0
43.614 12.195 0.0
19.563 25.844 0.0
13.850 4.394 0.0
46.323 15.464 0.0
12.586 5.037 0.0
25.463 44.517 0.0
49.153 47.984 0.0
1.490 39.007 0.0
9.659 18.764 0.0
46.039 36.957 0.0
23.993 2.928 0.0
1.229 34.293 0.0
9.111 3.330 0.0
35.651 40.528 0.0
33.918 39.390 0.0
24.809 5.297 0.0
17.287 23.728 0.0
31.763 12.992 0.0
44.857 14.085 0.0
10.423 24.215 0.0
22.107 11.394 0.0
33.523 19.602 0.0
20.929 18.051 0.0
9.630 23.651 0.0
24.411 33.975 0.0
48.719 3.673 0.0
29.875 1.870 0.0
13.814 1.664 0.0
33.349 17.270 0.0
7.009 15.021 0.0
39.591 43.394 0.0
31.752 45.332 0.0
20.554 15.622 0.0
49.734 33.197 0.0
31.745 35.498 0.0
9.900 41.006 0.0
40.321 39.545 0.0
19.199 34.920 0.0
20.953 33.912 0.0
49.493 1.909 0.0
35.519 11.890 0.0
32.746 17.638 0.0
30.483 17.663 0.0
37.069 6.249 0.0
11.466 36.327 0.0
39.501 3.612 0.0
37.975 27.168 0.0
17.510 1.516 0.0
22.482 24.439 0.0
20.108 11.452 0.0
17.148 7.524 0.0
1.200 43.106 0.0
28.363 40.207 0.0
2.343 44.517 0.0
13.962 47.024 0.0
9.418 47.967 0.0
40.491 33.193 0.0
27.927 8.082 0.0
8.232 13.436 0.0
24.544 6.402 0.0
39.808 44.187 0.0
18.408 29.699 0.0
24.152 3.105 0.0
24.196 7.714 0.0
11.385 29.633 0.0
0.454 19.663 0.0
15.710 30.387 0.0
40.898 47.843 0.0
2.812 13.593 0.0
13.415 20.993 0.0
15.479 47.480 0.0
1.373 49.668 0.0
26.125 38.572 0.0
34.500 10.838 0.0
47.752 47.175 0.0
12.069 39.131 0.0
35.517 48.960 0.0
19.429 27.742 0.0
19.497 13.573 0.0
20.017 32.859 0.0
25.537 3.405 0.0
18.899 11.659 0.0
15.111 48.307 0.0
40.625 5.428 0.0
7.021 24.894 0.0
43.725 6.137 0.0
33.461 12.304 0.0
6.505 16.957 0.0
30.473 9.831 0.0
14.008 34.606 0.0
18.159 35.629 0.0
3.937 44.177 0.0
39.121 29.910 0.0
40.174 25.148 0.0
44.583 10.452 0.0
26.079 20.644 0.0
46.383 23.058 0.0
46.244 20.698 0.0
39.597 44.672 0.0
34.507 4.271 0.0
44.964 32.252 0.0
8.180 24.067 0.0
22.447 16.243 0.0
33.203 2.828 0.0
17.303 13.484 0.0
42.664 39.709 0.0
17.830 30.736 0.0
21.587 0.578 0.0
29.620 46.681 0.0
44.155 36.650 0.0
4.583 47.175 0.0
5.693 41.724 0.0
4.255 45.848 0.0
30.583 19.484 0.0
25.998 49.696 0.0
9.089 38.811 0.0
27.565 27.245 0.0
20.527 6.858 0.0
0.214 5.055 0.0
37.651 36.770 0.0
13.064 6.866 0.0
27.226 29.356 0.0
31.682 8.532 0.0
14.780 25.751 0.0
2.075 11.027 0.0
17.289 21.199 0.0
37.164 33.273 0.0
16.179 8.411 0.0
46.584 46.338 0.0
44.427 42.669 0.0
12.260 10.592 0.0
45.771 39.831 0.0
31.543 37.862 0.0
31.094 32.679 0.0
26.923 31.300 0.0
6.885 20.718 0.0
6.345 6.733 0.0
33.360 3.398 0.0
0.945 20.572 0.0
35.289 37.055 0.0
7.697 21.040 0.0
36.881 1.345 0.0
22.892 1.411 0.0
23.179 1.872 0.0
18.610 16.252 0.0
44.316 21.870 0.0
38.467 24.235 0.0
25.741 17.286 0.0
20.747 43.981 0.0
27.041 26.432 0.0
46.771 2.635 0.0
4.354 37.494 0.0
9.843 20.366 0.0
26.512 24.591 0.0
5.438 7.842 0.0
23.071 25.869 0.0
6.432 7.881 0.0
3.127 45.121 0.0
8.132 36.933 0.0
27.460 11.825 0.0
6.599 26.830 0.0
42.944 33.171 0.0
10.367 32.326 0.0
47.401 15.621 0.0
29.994 5.349 0.0
45.098 22.881 0.0
42.140 42.601 0.0
27.967 21.762 0.0
34.821 39.176 0.0
25.277 47.354 0.0
8.345 27.177 0.0
4.959 44.162 0.0
32.052 45.003 0.0
33.104 10.430 0.0
40.447 19.900 0.0
4.218 38.739 0.0
43.555 3.679 0.0
43.775 7.141 0.0
25.396 29.064 0.0
6.305 31.598 0.0
11.405 2.060 0.0
46.811 42.287 0.0
0.249 13.915 0.0
30.662 43.469 0.0
28.075 44.804 0.0
17.268 9.030 0.0
13.488 40.177 0.0
5.836 3.565 0.0
19.739 19.885 0.0
17.264 1.930 0.0
16.501 29.634 0.0
4.890 8.528 0.0
27.428 14.126 0.0
38.163 1.338 0.0
11.208 31.304 0.0
37.586 44.613 0.0
43.248 37.533 0.0
6.288 28.549 0.0
42.305 4.262 0.0
3.451 3.796 0.0
21.391 27.728 0.0
37.486 33.643 0.0
35.106 14.623 0.0
22.317 36.947 0.0
46.177 18.257 0.0
38.430 40.415 0.0
42.455 11.755 0.0
21.457 49.750 0.0
1.836 17.076 0.0
14.972 35.318 0.0
26.695 11.231 0.0
20.891 9.521 0.0
1.271 3.994 0.0
10.439 49.832 0.0
15.151 24.585 0.0
20.984 43.603 0.0
43.518 18.367 0.0
9.187 48.164 0.0
30.126 38.393 0.0
8.937 22.481 0.0
32.139 20.831 0.0
3.288 44.706 0.0
6.872 7.727 0.0
13.253 33.304 0.0
49.270 25.360 0.0
32.694 38.152 0.0
25.515 41.520 0.0
47.808 11.959 0.0
42.541 10.446 0.0
21.727 11.705 0.0
45.418 19.877 0.0
49.605 14.378 0.0
44.618 30.679 0.0
47.253 11.263 0.0
42.944 45.876 0.0
26.824 20.222 0.0
7.573 12.526 0.0
36.384 26.028 0.0
16.113 46.894 0.0
46.268 24.628 0.0
46.808 30.593 0.0
4.067 8.428 0.0
32.118 3.005 0.0
1.804 36.167 0.0
1.783 23.159 0.0
3.403 32.773 0.0
6.175 42.471 0.0
17.905 11.683 0.0
33.242 18.273 0.0
24.060 4.573 0.0
12.694 6.891 0.0
4.889 21.175 0.0
39.190 4.203 0.0
36.616 44.903 0.0
42.243 1.026 0.0
44.959 48.396 0.0
34.334 40.525 0.0
43.198 36.763 0.0
30.269 4.844 0.0
0.652 45.310 0.0
0.219 18.638 0.0
7.259 32.818 0.0
46.079 37.831 0.0
49.782 21.100 0.0
25.781 43.003 0.0
47.848 36.449 0.0
43.030 28.104 0.0
13.500 8.871 0.0
20.554 16.885 0.0
46.227 30.528 0.0
33.424 1.356 0.0
6.554 15.712 0.0
45.243 28.894 0.0
25.178 40.816 0.0
14.076 17.186 0.0
1.363 24.300 0.0
16.902 49.109 0.0
23.866 33.426 0.0
31.026 42.845 0.0
9.996 26.684 0.0
8.438 6.080 0.0
3.591 8.231 0.0
34.395 16.938 0.0
0.670 33.435 0.0
24.669 28.492 0.0
32.303 12.663 0.0
36.824 18.122 0.0
27.860 13.814 0.0
49.658 47.782 0.0
8.204 12.795 0.0
1.513 16.336 0.0
17.620 35.121 0.0
22.557 20.493 0.0
45.320 21.126 0.0
48.303 46.613 0.0
12.225 31.902 0.0
11.686 41.671 0.0
6.363 42.996 0.0
28.801 7.996 0.0
40.734 48.164 0.0
19.066 33.069 0.0
30.763 16.016 0.0
34.010 2.609 0.0
44.567 8.264 0.0
10.142 2.466 0.0
18.197 29.464 0.0
10.449 42.421 0.0
49.707 34.648 0.0
25.919 32.887 0.0
40.489 23.026 0.0
23.234 13.740 0.0
39.626 43.088 0.0
47.232 23.002 0.0
17.211 26.825 0.0
17.103 1.971 0.0
45.534 8.593 0.0
43.392 12.508 0.0
2.856 17.127 0.0
38.851 41.689 0.0
33.059 7.651 0.0
49.914 38.775 0.0
45.920 24.659 0.0
47.168 19.557 0.0
26.943 4.971 0.0
32.568 33.542 0.0
42.751 44.945 0.0
48.334 20.126 0.0
27.885 15.383 0.0
7.480 30.965 0.0
21.520 12.561 0.0
8.773 17.067 0.0
38.099 34.071 0.0
49.497 20.787 0.0
4.154 13.751 0.0
7.921 24.865 0.0
24.715 40.785 0.0
33.554 42.938 0.0
6.599 24.295 0.0
7.399 38.514 0.0
12.612 46.217 0.0
16.272 32.340 0.0
0.245 22.046 0.0
24.958 1.258 0.0
10.778 11.191 0.0
27.495 35.218 0.0
19.886 36.065 0.0
14.177 2.913 0.0
38.824 31.834 0.0
4.022 30.689 0.0
16.047 6.747 0.0
13.395 23.806 0.0
32.723 46.394 0.0
10.225 3.942 0.0
12.042 43.872 0.0
39.841 1.883 0.0
21.394 31.871 0.0
2.817 29.775 0.0
38.610 31.978 0.0
17.452 13.002 0.0
28.228 21.116 0.0
9.464 37.790 0.0
31.484 44.982 0.0
39.351 16.977 0.0
14.159 33.573 0.0
3.488 43.036 0.0
39.735 44.459 0.0
28.452 34.395 0.0
41.380 25.325 0.0
19.380 38.386 0.0
5.256 48.491 0.0
22.184 31.740 0.0
49.300 26.602 0.0
16.355 7.428 0.0
36.231 20.502 0.0
19.805 4.889 0.0
46.859 47.418 0.0
9.659 29.185 0.0
9.935 39.996 0.0
43.275 13.487 0.0
37.783 44.512 0.0
1.882 8.417 0.0
2.724 29.602 0.0
25.175 31.262 0.0
7.901 5.238 0.0
8.978 27.830 0.0
7.571 25.360 0.0
49.640 39.815 0.0
16.100 16.579 0.0
38.232 30.951 0.0
11.985 39.634 0.0
34.794 5.913 0.0
43.054 49.956 0.0
37.902 6.985 0.0
21.678 28.590 0.0
7.648 44.840 0.0
14.290 4.975 0.0
0.747 11.413 0.0
27.820 38.648 0.0
34.951 34.835 0.0
26.725 17.801 0.0
16.193 18.652 0.0
28.252 18.805 0.0
35.966 10.156 0.0
20.256 2.300 0.0
28.334 15.540 0.0
25.481 48.271 0.0
15.640 22.817 0.0
48.512 4.636 0.0
19.526 6.953 0.0
36.837 41.310 0.0
19.164 25.525 0.0
15.369 14.462 0.0
1.769 17.330 0.0
14.624 3.707 0.0
21.373 40.871 0.0
6.326 38.393 0.0
10.631 34.402 0.0
36.624 27.778 0.0
26.988 44.295 0.0
6.355 3.909 0.0
8.918 3.916 0.0
39.807 25.335 0.0
20.157 0.885 0.0
8.305 24.357 0.0
19.838 46.638 0.0
32.593 10.520 0.0
14.289 8.536 0.0
28.484 18.218 0.0
21.865 31.424 0.0
33.523 6.917 0.0
15.637 12.505 0.0
8.512 38.299 0.0
0.043 0.653 0.0
46.690 15.869 0.0
26.628 18.915 0.0
45.037 29.023 0.0
10.956 6.804 0.0
46.775 45.400 0.0
27.400 47.236 0.0
1.431 42.463 0.0
31.083 31.477 0.0
9.049 11.662 0.0
36.534 24.286 0.0
18.063 6.309 0.0
20.767 20.633 0.0
32.187 37.325 0.0
14.446 34.785 0.0
0.239 49.406 0.0
48.533 32.356 0.0
14.247 33.817 0.0
35.431 6.015 0.0
25.431 3.048 0.0
32.969 5.909 0.0
4.661 16.833 0.0
16.819 16.610 0.0
23.877 8.684 0.0
21.906 23.397 0.0
17.602 17.021 0.0
6.231 32.026 0.0
49.168 25.192 0.0
41.120 47.802 0.0
4.563 10.274 0.0
40.407 31.717 0.0
17.911 41.399 0.0
7.277 33.693 0.0
46.509 4.515 0.0
1.586 5.577 0.0
10.084 12.009 0.0
12.365 19.399 0.0
38.455 32.422 0.0
9.904 9.664 0.0
34.171 47.587 0.0
49.315 21.924 0.0
1.813 11.979 0.0
2.809 33.760 0.0
23.687 1.786 0.0
11.057 18.413 0.0
22.367 49.284 0.0
14.935 45.805 0.0
44.192 11.464 0.0
7.731 10.433 0.0
24.225 20.523 0.0
34.455 40.731 0.0
2.392 7.865 0.0
9.279 29.879 0.0
2.600 32.518 0.0
24.344 33.757 0.0
11.438 29.522 0.0
33.143 7.782 0.0
0.773 23.776 0.0
9.569 0.662 0.0
29.011 30.047 0.0
9.297 39.815 0.0
29.080 30.443 0.0
43.651 30.091 0.0
47.311 36.478 0.0
17.347 44.780 0.0
36.296 4.078 0.0
30.597 15.423 0.0
26.536 26.336 0.0
2.911 24.871 0.0
6.239 30.664 0.0
40.668 26.250 0.0
25.960 4.071 0.0
43.013 48.995 0.0
14.973 12.772 0.0
20.960 11.990 0.0
49.215 20.041 0.0
42.729 42.949 0.0
46.443 39.285 0.0
14.282 2.697 0.0
32.867 37.713 0.0
7.785 32.733 0.0
26.897 29.602 0.0
12.295 34.578 0.0
19.908 17.225 0.0
0.359 49.795 0.0
0.957 1.734 0.0
31.401 40.286 0.0
22.232 45.992 0.0
47.800 19.498 0.0
34.678 26.206 0.0
12.355 6.503 0.0
38.741 9.511 0.0
36.500 16.580 0.0
43.448 40.181 0.0
7.064 13.864 0.0
8.139 8.027 0.0
35.624 33.933 0.0
5.095 8.715 0.0
28.578 36.768 0.0
38.045 37.235 0.0
7.963 23.444 0.0
31.028 32.564 0.0
2.715 43.092 0.0
14.516 13.670 0.0
27.593 30.230 0.0
30.786 14.453 0.0
22.321 46.377 0.0
8.581 37.954 0.0
36.600 4.025 0.0
17.836 8.217 0.0
17.640 25.499 0.0
8.886 1.566 0.0
35.579 34.022 0.0
16.969 37.739 0.0
18.751 39.377 0.0
22.062 5.300 0.0
15.142 15.963 0.0
46.157 35.090 0.0
48.574 26.761 0.0
44.900 20.062 0.0
48.159 22.748 0.0
8.209 9.788 0.0
47.404 43.622 0.0
24.956 33.193 0.0
24.958 12.378 0.0
40.086 23.585 0.0
42.461 3.207 0.0
38.664 35.961 0.0
26.209 19.495 0.0
30.226 7.714 0.0
38.415 46.269 0.0
28.582 20.399 0.0
40.727 39.329 0.0
26.724 21.981 0.0
17.390 31.548 0.0
3.854 16.143 0.0
47.904 25.323 0.0
21.733 17.642 0.0
49.396 48.997 0.0
20.498 10.446 0.0
47.020 34.243 0.0
9.916 28.466 0.0
26.686 20.839 0.0
20.623 7.021 0.0
28.135 15.052 0.0
31.324 26.905 0.0
47.997 17.953 0.0
22.169 41.885 0.0
41.803 0.330 0.0
21.530 44.774 0.0
41.170 31.660 0.0
13.287 36.859 0.0
37.339 21.546 0.0
4.391 20.365 0.0
25.114 3.425 0.0
17.935 33.904 0.0
1.846 31.962 0.0
25.271 46.413 0.0
24.584 27.530 0.0
11.817 15.936 0.0
44.748 33.452 0.0
35.089 5.811 0.0
13.773 4.245 0.0
30.258 32.300 0.0
35.049 16.041 0.0
48.039 44.508 0.0
27.171 33.546 0.0
22.103 9.566 0.0
11.041 31.433 0.0
8.333 43.483 0.0
38.674 1.911 0.0
16.267 40.796 0.0
44.689 34.338 0.0
13.821 14.235 0.0
22.433 27.243 0.0
30.015 8.968 0.0
5.425 37.868 0.0
6.836 4.676 0.0
21.395 39.442 0.0
10.586 12.706 0.0
30.569 41.805 0.0
5.124 14.861 0.0
12.042 36.690 0.0
14.257 24.984 0.0
22.115 5.028 0.0
8.192 34.460 0.0
16.269 19.958 0.0
39.453 27.966 0.0
2.091 45.872 0.0
26.951 26.386 0.0
23.920 20.805 0.0
43.000 29.655 0.0
21.241 16.737 0.0
46.986 43.497 0.0
1.915 49.982 0.0
31.127 30.500 0.0
28.237 11.711 0.0
48.309 27.783 0.0
28.482 6.900 0.0
29.314 20.641 0.0
19.159 28.502 0.0
16.955 3.956 0.0
3.442 2.480 0.0
47.588 0.946 0.0
49.466 18.485 0.0
46.261 41.846 0.0
48.043 10.451 0.0
20.381 33.503 0.0
3.182 21.120 0.0
38.184 24.537 0.0
20.310 24.611 0.0
12.521 39.738 0.0
26.529 41.569 0.0
27.516 21.632 0.0
34.389 12.099 0.0
45.503 26.822 0.0
45.725 42.765 0.0
14.334 29.588 0.0
34.862 15.222 0.0
10.591 35.525 0.0
1.189 35.748 0.0
2.555 3.509 0.0
39.511 16.868 0.0
47.897 15.185 0.0
42.858 14.548 0.0
4.923 17.332 0.0
26.510 47.051 0.0
33.007 43.960 0.0
43.865 44.394 0.0
37.305 1.806 0.0
4.507 20.619 0.0
25.276 25.014 0.0
2.284 24.560 0.0
37.632 22.189 0.0
16.598 8.673 0.0
44.378 1.823 0.0
13.184 9.615 0.0
7.339 20.064 0.0
41.642 8.729 0.0
4.225 48.242 0.0
5.716 35.381 0.0
35.660 6.203 0.0
18.918 41.163 0.0
45.852 1.509 0.0
2.447 8.383 0.0
29.625 3.882 0.0
34.579 11.988 0.0
23.363 18.855 0.0
20.686 30.075 0.0
35.113 4.568 0.0
20.897 44.485 0.0
9.551 0.862 0.0
48.014 39.643 0.0
46.811 10.381 0.0
31.767 44.739 0.0
0.289 37.271 0.0
36.752 21.658 0.0
17.434 0.261 0.0
20.443 28.616 0.0
9.287 43.358 0.0
24.594 37.389 0.0
39.049 19.247 0.0
7.998 0.224 0.0
7.328 17.581 0.0
1.127 1.042 0.0
31.871 2.770 0.0
43.460 34.386 0.0
22.576 13.643 0.0
2.463 34.728 0.0
38.359 10.398 0.0
19.127 28.176 0.0
31.059 32.633 0.0
28.723 48.454 0.0
32.987 5.925 0.0
17.020 49.053 0.0
28.934 3.424 0.0
41.581 3.907 0.0
20.527 33.234 0.0
24.955 19.624 0.0
40.630 31.974 0.0
11.606 33.339 0.0
8.202 49.835 0.0
23.212 41.597 0.0
29.466 12.709 0.0
47.632 47.330 0.0
49.552 42.503 0.0
5.277 23.931 0.0
39.867 7.642 0.0
2.865 27.729 0.0
20.383 11.923 0.0
8.636 42.752 0.0
12.742 11.399 0.0
14.977 14.545 0.0
49.623 25.759 0.0
44.092 23.057 0.0
28.171 32.808 0.0
49.895 8.098 0.0
40.467 2.060 0.0
24.583 44.749 0.0
41.963 36.228 0.0
31.520 20.204 0.0
29.638 47.422 0.0
6.983 38.047 0.0
45.206 48.268 0.0
2.099 20.687 0.0
45.126 36.808 0.0
22.857 45.799 0.0
38.415 48.066 0.0
20.485 38.009 0.0
35.264 34.451 0.0
36.651 42.751 0.0
24.364 21.795 0.0
17.996 35.307 0.0
4.469 17.755 0.0
32.281 14.298 0.0
36.216 24.557 0.0
44.115 45.624 0.0
3.533 28.600 0.0
41.624 9.763 0.0
30.041 5.330 0.0
46.749 12.623 0.0
34.783 38.964 0.0
40.853 47.751 0.0
33.345 13.126 0.0
44.276 45.576 0.0
44.981 30.292 0.0
3.123 13.592 0.0
3.680 15.036 0.0
9.105 9.910 0.0
41.315 48.507 0.0
8.569 1.440 0.0
13.968 19.319 0.0
44.982 37.117 0.0
28.321 9.086 0.0
25.093 16.055 0.0
43.617 9.196 0.0
2.752 0.285 0.0
26.095 39.118 0.0
35.920 11.800 0.0
17.045 5.516 0.0
41.829 14.077 0.0
42.657 5.748 0.0
2.401 8.905 0.0
43.709 38.966 0.0
7.080 30.417 0.0
35.791 42.935 0.0
13.037 39.532 0.0
26.235 24.973 0.0
3.350 13.686 0.0
12.242 0.923 0.0
32.196 38.674 0.0
15.759 46.979 0.0
12.372 41.717 0.0
24.606 5.349 0.0
24.513 7.441 0.0
6.079 16.235 0.0
9.272 41.373 0.0
38.766 25.406 0.0
43.431 38.753 0.0
20.717 38.800 0.0
48.396 30.000 0.0
7.224 12.955 0.0
34.881 8.000 0.0
9.486 32.886 0.0
0.701 46.544 0.0
46.191 37.025 0.0
19.553 43.690 0.0
33.685 2.234 0.0
37.415 18.622 0.0
26.775 0.599 0.0
29.762 5.639 0.0
31.494 33.663 0.0
17.212 24.334 0.0
3.121 39.107 0.0
39.357 10.724 0.0
17.699 49.483 0.0
46.613 20.102 0.0
12.860 12.535 0.0
37.675 8.762 0.0
34.329 7.909 0.0
45.855 18.338 0.0
47.712 15.568 0.0
10.999 23.533 0.0
31.310 7.157 0.0
14.936 11.211 0.0
4.598 42.679 0.0
7.506 36.492 0.0
18.750 11.386 0.0
7.080 49.318 0.0
40.118 7.583 0.0
24.179 3.222 0.0
44.942 29.136 0.0
29.339 46.541 0.0
13.726 28.960 0.0
16.651 5.141 0.0
16.687 37.442 0.0
2.564 44.882 0.0
17.486 6.873 0.0
45.483 1.530 0.0
41.053 7.282 0.0
25.459 35.556 0.0
2.727 26.783 0.0
34.813 9.402 0.0
30.157 48.517 0.0
49.966 45.149 0.0
26.476 40.587 0.0
31.895 1.261 0.0
23.075 5.003 0.0
37.690 8.109 0.0
3.003 36.585 0.0
18.471 23.280 0.0
41.485 43.015 0.0
29.591 9.380 0.0
8.333 22.788 0.0
37.469 48.952 0.0
8.145 38.674 0.0
23.684 43.446 0.0
48.088 10.496 0.0
11.006 45.736 0.0
19.800 32.518 0.0
17.959 48.595 0.0
11.488 47.536 0.0
38.161 44.753 0.0
28.630 31.898 0.0
38.254 37.678 0.0
46.893 13.100 0.0
23.501 16.062 0.0
48.829 4.354 0.0
33.306 9.159 0.0
6.704 48.578 0.0
49.837 14.550 0.0
17.433 17.632 0.0
31.704 34.738 0.0
22.001 11.303 0.0
21.191 23.992 0.0
0.975 44.521 0.0
17.981 32.348 0.0
29.759 0.637 0.0
14.433 39.300 0.0
2.096 13.154 0.0
47.557 45.804 0.0
37.989 18.290 0.0
40.591 39.521 0.0
32.687 45.955 0.0
32.770 14.895 0.0
26.669 37.304 0.0
29.284 16.601 0.0
32.687 42.885 0.0
44.715 32.212 0.0
44.800 16.601 0.0
12.279 37.470 0.0
26.118 27.155 0.0
38.127 45.502 0.0
26.452 10.527 0.0
44.621 29.485 0.0
18.477 34.068 0.0
19.020 26.830 0.0
11.145 35.291 0.0
14.346 41.762 0.0
2.072 36.158 0.0
37.323 42.343 0.0
16.422 16.712 0.0
4.222 47.442 0.0
48.409 10.287 0.0
49.232 18.925 0.0
22.951 6.206 0.0
31.513 14.435 0.0
29.239 14.863 0.0
6.505 16.531 0.0
45.035 14.408 0.0
4.239 34.664 0.0
20.351 7.849 0.0
42.427 27.490 0.0
21.844 24.351 0.0
44.905 14.374 0.0
4.723 48.715 0.0
36.674 36.567 0.0
27.264 8.616 0.0
45.180 40.519 0.0
4.140 40.014 0.0
3.799 38.063 0.0
8.672 37.365 0.0
27.496 0.779 0.0
30.853 26.728 0.0
12.571 18.766 0.0
27.520 26.678 0.0
2.057 47.254 0.0
13.420 34.068 0.0
5.886 28.011 0.0
37.067 39.093 0.0
20.214 6.349 0.0
13.288 36.869 0.0
3.485 18.662 0.0
45.106 10.783 0.0
37.704 49.920 0.0
11.261 16.264 0.0
32.202 5.296 0.0
22.049 42.265 0.0
13.712 5.197 0.0
5.410 21.791 0.0
40.967 48.379 0.0
27.214 2.068 0.0
34.248 43.528 0.0
24.573 19.599 0.0
20.291 35.718 0.0
38.663 5.271 0.0
10.801 0.495 0.0
24.004 19.918 0.0
8.463 44.991 0.0
34.458 41.319 0.0
17.757 42.424 0.0
42.306 39.454 0.0
29.185 33.630 0.0
35.661 38.042 0.0
44.552 6.841 0.0
11.229 16.879 0.0
17.861 14.853 0.0
33.954 11.279 0.0
1.041 6.903 0.0
22.441 12.075 0.0
6.286 41.136 0.0
39.218 12.031 0.0
27.054 2.354 0.0
17.878 32.295 0.0
47.946 28.908 0.0
44.925 45.552 0.0
19.622 2.036 0.0
32.767 40.915 0.0
28.658 20.761 0.0
21.693 49.292 0.0
3.843 25.496 0.0
32.926 16.922 0.0
19.782 43.970 0.0
11.860 29.112 0.0
35.870 13.734 0.0
0.451 45.825 0.0
43.729 36.597 0.0
10.423 15.670 0.0
38.994 41.619 0.0
34.370 35.135 0.0
33.991 24.987 0.0
30.200 15.415 0.0
36.299 47.031 0.0
45.397 10.091 0.0
34.415 48.930 0.0
11.559 43.080 0.0
5.870 4.241 0.0
36.352 7.778 0.0
44.961 43.281 0.0
49.573 35.107 0.0
47.026 31.600 0.0
22.387 0.330 0.0
33.652 47.338 0.0
23.944 5.899 0.0
8.550 36.047 0.0
7.577 40.350 0.0
46.961 25.755 0.0
29.560 21.337 0.0
42.405 9.493 0.0
47.021 34.235 0.0
13.345 47.274 0.0
18.022 26.451 0.0
8.903 4.616 0.0
36.018 11.556 0.0
47.168 30.090 0.0
23.004 26.675 0.0
21.806 30.102 0.0
30.442 21.167 0.0
22.727 25.111 0.0
4.793 34.598 0.0
34.339 17.876 0.0
14.909 47.200 0.0
0.614 20.912 0.0
11.858 6.622 0.0
29.579 27.358 0.0
47.843 0.608 0.0
1.141 16.682 0.0
19.807 6.436 0.0
41.220 14.286 0.0
25.030 4.436 0.0
32.046 21.932 0.0
20.573 44.734 0.0
43.164 4.146 0.0
15.778 3.456 0.0
40.225 4.280 0.0
47.193 7.080 0.0
8.934 22.743 0.0
38.275 41.365 0.0
19.692 19.070 0.0
32.020 44.336 0.0
4.378 48.954 0.0
3.248 11.176 0.0
20.519 17.146 0.0
8.728 12.567 0.0
39.636 17.213 0.0
17.520 46.991 0.0
15.955 39.549 0.0
30.958 11.844 0.0
18.860 9.742 0.0
1.582 37.805 0.0
47.483 20.429 0.0
42.950 35.847 0.0
38.647 41.097 0.0
37.764 6.519 0.0
30.007 31.972 0.0
0.035 6.690 0.0
48.679 0.043 0.0
28.111 9.804 0.0
11.928 17.618 0.0
49.303 31.884 0.0
0.526 26.315 0.0
3.577 27.013 0.0
47.307 22.369 0.0
43.335 32.842 0.0
23.112 12.289 0.0
38.622 18.763 0.0
49.865 41.463 0.0
22.324 6.853 0.0
25.799 32.119 0.0
37.824 48.400 0.0
11.028 21.226 0.0
12.453 46.929 0.0
42.579 13.361 0.0
23.608 21.959 0.0
26.762 8.359 0.0
0.872 6.444 0.0
43.352 28.636 0.0
16.682 14.830 0.0
40.402 6.486 0.0
10.125 7.973 0.0
0.748 47.369 0.0
13.303 15.763 0.0
21.224 11.215 0.0
7.392 8.262 0.0
13.496 0.134 0.0
25.948 31.385 0.0
10.973 7.532 0.0
46.378 43.713 0.0
49.797 20.657 0.0
16.514 6.902 0.0
33.076 25.797 0.0
2.218 43.333 0.0
36.685 43.012 0.0
13.634 31.135 0.0
21.770 15.140 0.0
22.237 8.533 0.0
33.851 44.036 0.0
18.226 6.568 0.0
40.869 5.546 0.0
27.922 21.708 0.0
42.907 33.527 0.0
13.852 27.559 0.0
24.392 42.413 0.0
15.960 8.000 0.0
15.570 7.240 0.0
11.016 22.387 0.0
33.795 39.876 0.0
18.689 37.173 0.0
36.734 40.235 0.0
16.986 27.301 0.0
39.006 11.690 0.0
46.814 14.994 0.0
20.915 10.611 0.0
35.241 23.225 0.0
43.020 0.948 0.0
49.743 26.055 0.0
23.039 6.165 0.0
11.158 28.290 0.0
32.258 42.437 0.0
41.393 2.439 0.0
27.061 29.013 0.0
3.020 1.861 0.0
47.428 3.915 0.0
1.809 5.136 0.0
38.372 25.720 0.0
19.975 28.207 0.0
32.107 15.099 0.0
27.472 17.645 0.0
18.492 32.967 0.0
31.008 10.502 0.0
28.779 5.651 0.0
15.611 13.658 0.0
13.009 41.304 0.0
11.575 18.300 0.0
4.555 35.952 0.0
30.404 23.244 0.0
36.250 42.019 0.0
6.954 44.156 0.0
1.284 16.955 0.0
11.407 34.447 0.0
38.656 34.672 0.0
3.953 37.561 0.0
17.313 27.907 0.0
47.051 29.726 0.0
45.345 35.326 0.0
15.050 46.847 0.0
40.590 3.225 0.0
48.577 19.120 0.0
16.823 38.013 0.0
41.582 12.238 0.0
15.363 22.312 0.0
22.255 44.586 0.0
45.342 44.480 0.0
45.074 15.693 0.0
37.182 48.618 0.0
0.229 42.403 0.0
12.859 39.751 0.0
18.321 5.720 0.0
33.444 26.714 0.0
2.853 13.061 0.0
49.096 3.546 0.0
10.312 27.825 0.0
49.199 8.682 0.0
17.862 10.553 0.0
40.651 10.085 0.0
21.610 3.751 0.0
20.449 43.607 0.0
44.227 25.478 0.0
4.664 31.338 0.0
49.277 15.171 0.0
29.663 26.460 0.0
11.059 48.874 0.0
2.991 21.238 0.0
22.959 10.014 0.0
0.736 15.155 0.0
44.392 16.195 0.0
35.376 20.913 0.0
36.216 12.072 0.0
3.121 37.081 0.0
17.220 43.339 0.0
12.600 37.454 0.0
39.720 27.056 0.0
47.354 18.888 0.0
30.624 29.153 0.0
23.067 11.296 0.0
25.401 0.772 0.0
16.705 35.819 0.0
36.339 11.316 0.0
18.824 49.702 0.0
43.156 47.568 0.0
42.181 39.379 0.0
23.631 25.024 0.0
9.479 16.432 0.0
4.218 29.739 0.0
40.601 34.631 0.0
5.812 26.389 0.0
14.990 30.115 0.0
37.789 31.016 0.0
47.980 40.898 0.0
4.259 4.958 0.0
40.823 36.361 0.0
30.035 29.853 0.0
42.936 32.175 0.0
40.290 22.284 0.0
1.423 31.162 0.0
37.046 40.624 0.0
17.363 16.033 0.0
7.735 25.938 0.0
30.508 25.621 0.0
25.866 3.438 0.0
14.077 22.297 0.0
11.570 0.901 0.0
29.134 4.534 0.0
10.189 15.708 0.0
13.678 35.301 0.0
20.454 32.732 0.0
15.030 43.881 0.0
9.824 11.147 0.0
15.345 16.001 0.0
43.525 19.437 0.0
49.165 14.762 0.0
25.536 4.362 0.0
18.799 22.730 0.0
4.305 31.448 0.0
28.029 13.797 0.0
33.356 31.696 0.0
27.144 1.897 0.0
47.071 31.623 0.0
42.606 22.566 0.0
14.969 31.496 0.0
2.838 32.411 0.0
23.531 29.692 0.0
17.509 11.091 0.0
3.277 19.458 0.0
21.498 20.117 0.0
20.176 8.051 0.0
6.267 12.925 0.0
34.737 27.224 0.0
30.772 1.039 0.0
49.133 18.324 0.0
31.220 11.869 0.0
12.586 34.895 0.0
34.013 24.715 0.0
37.904 10.610 0.0
19.021 42.874 0.0
47.538 40.606 0.0
30.974 1.418 0.0
15.808 19.820 0.0
45.206 22.149 0.0
5.073 22.857 0.0
10.245 9.541 0.0
7.506 46.025 0.0
13.811 34.030 0.0
0.900 13.737 0.0
0.673 21.954 0.0
6.436 28.231 0.0
10.519 14.631 0.0
48.716 13.720 0.0
1.481 22.595 0.0
13.538 23.486 0.0
30.312 34.842 0.0
26.845 41.194 0.0
23.314 47.116 0.0
39.091 15.746 0.0
43.092 47.681 0.0
42.868 22.383 0.0
34.941 43.847 0.0
28.033 41.396 0.0
23.270 27.571 0.0
37.844 39.831 0.0
22.840 13.878 0.0
31.607 30.860 0.0
31.780 41.551 0.0
34.226 20.111 0.0
33.387 1.550 0.0
10.695 28.202 0.0
1.499 4.991 0.0
44.062 3.923 0.0
29.886 19.137 0.0
18.670 13.133 0.0
39.563 36.820 0.0
16.601 4.238 0.0
9.152 2.014 0.0
24.147 12.344 0.0
22.535 41.825 0.0
16.889 20.667 0.0
34.889 3.102 0.0
46.457 49.566 0.0
22.916 10.062 0.0
39.466 40.708 0.0
7.578 47.866 0.0
39.213 46.295 0.0
17.970 35.898 0.0
23.764 21.032 0.0
3.107 33.672 0.0
19.812 47.563 0.0
44.340 21.746 0.0
0.301 4.484 0.0
24.871 19.783 0.0
5.231 9.705 0.0
24.435 44.021 0.0
9.285 40.956 0.0
26.560 16.778 0.0
26.958 49.504 0.0
3.057 21.354 0.0
45.720 42.795 0.0
25.371 46.702 0.0
10.421 16.651 0.0
45.255 37.606 0.0
47.612 17.908 0.0
37.873 7.708 0.0
16.755 13.919 0.0
8.872 34.731 0.0
6.394 36.241 0.0
33.232 39.508 0.0
7.276 1.980 0.0
17.768 3.000 0.0
41.150 47.782 0.0
11.049 48.405 0.0
3.489 38.259 0.0
24.196 8.663 0.0
40.758 32.751 0.0
23.519 13.196 0.0
28.005 11.762 0.0
11.302 11.548 0.0
40.535 27.161 0.0
24.142 5.747 0.0
24.205 48.273 0.0
49.233 37.675 0.0
12.509 29.385 0.0
37.719 22.512 0.0
15.005 22.842 0.0
30.824 34.387 0.0
10.895 5.922 0.0
8.851 35.799 0.0
23.579 28.984 0.0
25.338 48.065 0.0
26.894 26.998 0.0
48.668 36.068 0.0
41.380 16.488 0.0
1.248 26.957 0.0
19.410 25.194 0.0
12.026 49.043 0.0
41.326 22.268 0.0
31.525 14.152 0.0
0.785 32.744 0.0
49.883 23.938 0.0
46.490 31.151 0.0
7.410 8.251 0.0
19.157 15.672 0.0
44.091 1.581 0.0
27.151 16.034 0.0
49.155 31.765 0.0
41.544 35.443 0.0
44.324 33.723 0.0
11.553 19.314 0.0
14.702 9.783 0.0
4.245 31.276 0.0
39.377 37.324 0.0
8.236 0.005 0.0
19.776 23.947 0.0
9.678 28.793 0.0
7.553 30.104 0.0
0.270 33.457 0.0
45.377 19.279 0.0
11.236 43.168 0.0
3.370 6.147 0.0
34.267 13.101 0.0
21.134 3.889 0.0
40.280 7.433 0.0
0.317 22.856 0.0
39.500 16.111 0.0
35.513 44.110 0.0
41.860 19.114 0.0
21.876 33.027 0.0
25.001 7.426 0.0
36.343 20.098 0.0
48.265 10.858 0.0
5.547 8.356 0.0
14.972 19.019 0.0
47.643 19.434 0.0
32.017 13.206 0.0
7.097 13.153 0.0
45.372 3.850 0.0
41.225 8.775 0.0
42.389 40.194 0.0
14.760 49.553 0.0
7.030 26.398 0.0
14.049 36.075 0.0
42.068 40.927 0.0
5.620 8.019 0.0
33.132 14.200 0.0
34.809 28.438 0.0
23.057 22.807 0.0
38.889 19.423 0.0
41.429 7.304 0.0
35.721 13.125 0.0
43.413 14.569 0.0
43.327 17.488 0.0
4.037 5.049 0.0
37.996 1.760 0.0
38.928 49.785 0.0
18.515 32.896 0.0
30.156 22.096 0.0
11.975 40.276 0.0
26.359 14.013 0.0
32.210 2.833 0.0
9.572 28.107 0.0
35.388 39.637 0.0
27.298 11.250 0.0
8.520 42.266 0.0
27.301 8.005 0.0
25.742 14.873 0.0
4.285 17.844 0.0
14.105 35.757 0.0
22.206 42.212 0.0
35.281 22.480 0.0
13.281 4.541 0.0
12.153 21.068 0.0
24.962 18.796 0.0
9.520 48.698 0.0
39.080 19.830 0.0
16.339 48.390 0.0
23.198 1.924 0.0
22.822 13.739 0.0
42.776 40.235 0.0
39.508 11.440 0.0
14.191 43.547 0.0
16.984 19.477 0.0
12.885 5.747 0.0
44.295 9.257 0.0
17.936 37.724 0.0
31.330 30.650 0.0
24.218 21.024 0.0
15.420 9.954 0.0
35.976 29.512 0.0
25.264 42.119 0.0
21.115 15.559 0.0
35.881 0.232 0.0
3.811 2.808 0.0
6.781 47.208 0.0
4.129 18.447 0.0
11.768 16.936 0.0
47.266 34.098 0.0
42.892 34.677 0.0
11.777 15.945 0.0
2.925 19.457 0.0
15.643 11.485 0.0
40.458 4.366 0.0
1.447 22.466 0.0
29.199 24.245 0.0
27.035 30.941 0.0
48.402 4.036 0.0
46.070 8.182 0.0
34.477 35.249 0.0
23.631 44.181 0.0
44.766 2.465 0.0
25.652 38.902 0.0
3.265 16.546 0.0
47.378 45.079 0.0
34.607 26.326 0.0
5.277 46.378 0.0
37.023 15.974 0.0
8.850 44.038 0.0
47.202 0.886 0.0
3.675 9.718 0.0
9.971 11.043 0.0
34.658 42.230 0.0
33.528 47.071 0.0
18.951 41.055 0.0
36.622 10.907 0.0
41.289 30.117 0.0
27.507 49.931 0.0
40.601 31.150 0.0
45.738 10.707 0.0
45.680 47.172 0.0
46.993 26.050 0.0
39.381 23.083 0.0
17.951 7.057 0.0
35.422 2.206 0.0
22.963 29.929 0.0
39.161 44.699 0.0
6.780 45.963 0.0
33.913 16.225 0.0
7.904 1.896 0.0
37.352 42.974 0.0
25.259 36.978 0.0
8.325 12.224 0.0
26.866 22.569 0.0
3.005 25.966 0.0
42.902 29.863 0.0
#Ma tran yeu cau D
#source_index dest_index bw don vi Mbps
18 1007 803
35 119 932
57 986 657
58 1053 726
105 1094 970
113 2068 926
166 963 911
172 1874 460
176 886 237
189 1837 211
214 1880 602
215 1977 977
283 565 155
306 1398 143
337 1219 285
356 54 35
384 1458 986
406 100 819
424 995 513
425 1732 387
459 1849 398
468 485 815
469 849 667
471 130 841
474 1269 887
486 1460 953
500 2112 469
509 1870 484
525 1528 949
529 1460 991
538 1611 935
588 1304 757
662 112 467
717 1210 212
737 884 862
761 772 950
828 1967 127
837 2187 470
889 800 718
952 740 831
960 528 549
967 1330 552
968 2037 997
985 1613 922
993 374 943
994 2089 170
997 2015 594
1000 210 739
1035 806 907
1049 496 398
1099 786 264
1163 1149 897
1176 59 809
1187 1212 2
1190 1556 291
1222 1308 614
1223 221 770
1277 411 621
1278 1403 340
1296 614 853
1300 2107 800
1310 1025 720
1320 135 254
1332 357 422
1351 1794 27
1357 488 432
1375 660 764
1426 2082 502
1439 1213 76
1453 1706 19
1465 1110 340
1485 1192 930
1492 1015 441
1520 1647 114
1525 355 388
1551 1785 109
1608 317 634
1614 686 358
1632 949 556
1684 1483 625
1696 162 113
1709 1395 380
1710 1622 870
1716 397 139
1719 184 609
1724 1050 866
1761 249 776
1769 27 673
1773 246 879
1786 1431 954
1810 695 713
1825 1975 170
1853 1838 888
1854 1153 257
1877 713 606
1912 1213 827
1937 1280 352
2031 1764 743
2048 263 20
2057 1052 644
2062 645 278
2064 1777 91
2153 1419 284
2154 32 32
2181 2052 160
2183 221 286
2186 191 540
2200 1961 451
91 1166 183
119 1427 107
125 1731 38
136 1642 8
138 286 926
141 988 902
142 85 429
188 222 173
191 1641 712
199 1273 983
217 1832 743
225 517 490
257 2196 549
260 693 16
292 704 780
322 318 761
329 906 581
345 693 258
348 1730 292
352 1644 791
353 1301 458
385 177 652
387 278 173
389 276 369
416 306 698
487 1842 764
488 94 867
545 2178 576
551 400 267
553 460 50
564 1966 381
577 401 989
579 1222 605
597 1763 492
624 140 782
650 441 492
653 665 83
675 1559 268
720 1614 865
774 448 333
820 2165 713
821 97 907
874 288 708
902 876 262
965 841 495
1037 2109 666
1095 13 941
1101 1469 865
1145 1822 500
1149 816 491
1170 1587 63
1230 381 348
1249 710 459
1285 402 916
1312 1282 742
1347 1169 884
1369 638 601
1393 779 939
1416 1003 126
1421 767 48
1475 278 652
1517 654 90
1528 1018 319
1601 1871 747
1700 1013 805
1775 1082 644
1800 1469 52
1823 1547 722
1834 1103 142
1868 1525 454
1886 692 430
1891 601 338
1913 689 741
1938 1746 222
1947 649 813
1952 1837 587
1975 1545 559
1983 1882 47
2035 1887 527
2040 431 760
2053 1709 828
2086 99 285
2102 335 15
2104 2082 985
2126 193 846
2131 39 786
2145 2191 588
2170 435 1
2187 1305 995
7 688 557
11 132 298
37 2167 547
51 212 533
70 850 73
80 298 999
85 2051 855
149 25 19
216 1847 21
232 1070 529
251 688 448
277 1216 410
294 1447 987
300 278 828
336 2195 834
347 1913 128
349 1866 482
390 1384 617
399 2107 237
422 378 847
510 894 513
541 1180 113
576 1769 904
603 782 538
625 1863 546
626 788 514
697 1695 606
750 878 293
797 167 568
806 2004 976
809 1396 266
832 2175 157
858 1280 884
872 1148 834
975 1320 14
996 851 367
1002 1283 947
1071 265 919
1086 907 352
1115 1506 874
1128 866 115
1139 2033 539
1158 1016 717
1182 1642 54
1185 552 194
1195 59 148
1196 1322 905
1204 1794 556
1233 1308 356
1243 504 417
1263 1262 891
1276 1601 323
1319 275 953
1333 1264 749
1339 1289 960
1346 642 249
1451 785 498
1452 1223 257
1491 2002 526
1537 1808 169
1544 274 346
1547 898 393
1591 313 628
1621 1659 800
1644 325 760
1655 40 475
1675 1076 684
1676 753 198
1697 1497 695
1752 1105 521
1768 2118 263
1787 285 364
1791 810 738
1841 2153 965
1843 1495 821
1873 1145 582
1916 1626 416
1923 363 116
1927 1352 690
1928 159 673
1942 42 104
1957 1111 651
1966 869 897
1989 2137 494
2017 9 86
2021 486 788
2034 1515 621
2059 261 768
2065 1228 330
2089 721 849
2128 306 110
2138 594 918
2152 1945 697
2155 656 560
2157 1842 899
2176 440 677
24 781 597
25 112 567
44 912 133
60 2 178
78 298 20
83 780 553
89 1849 570
96 1900 753
103 1465 316
116 874 10
122 1819 281
140 1281 976
145 1143 66
226 466 939
227 1305 114
274 353 580
288 1160 83
303 2158 304
331 92 16
375 307 438
379 612 89
415 434 277
418 105 919
515 544 688
559 740 146
591 393 644
601 1951 853
617 1550 944
678 775 955
713 2058 171
749 188 307
770 1220 444
823 986 303
841 1497 290
875 1767 427
881 290 676
895 1353 648
948 134 291
963 899 504
1020 1964 395
1087 1876 779
1127 727 704
1129 661 704
1155 2005 686
1162 2181 160
1209 918 944
1288 563 21
1291 2018 406
1293 1048 39
1302 419 532
1350 287 870
1359 745 806
1373 2173 599
1391 1056 964
1407 1123 64
1438 1642 812
1460 1336 293
1471 1806 7
1507 2018 500
1606 141 37
1663 938 31
1667 1130 666
1688 522 962
1717 1850 721
1727 1889 965
1740 286 320
1783 681 537
1809 1518 491
1837 1331 217
1845 2031 852
1918 281 923
1988 769 24
2003 1984 398
2008 647 228
2012 201 438
2113 619 150
2129 1410 426
2143 1477 416
2160 469 503
2198 864 496
6 132 229
15 1978 339
27 1151 534
38 407 949
69 1504 424
86 240 915
99 2105 764
128 2042 964
133 711 635
137 205 381
163 2137 851
319 1903 178
324 1183 881
326 411 859
363 1422 230
373 1143 261
374 696 404
388 259 862
420 232 411
451 1757 425
456 1675 308
462 1818 634
467 682 528
477 1927 942
482 20 102
489 1253 562
493 1432 657
498 483 655
561 80 162
572 445 991
642 866 606
647 1907 919
668 1024 686
709 708 688
721 1711 671
741 1161 947
758 780 542
759 1422 281
788 1834 546
804 571 700
826 2017 37
900 769 790
911 1000 688
923 1031 492
981 219 812
984 1374 175
1006 422 983
1039 634 390
1046 1795 842
1064 1513 559
1079 1334 8
1089 2081 186
1093 1608 965
1107 2174 116
1137 1169 329
1199 946 83
1210 1267 987
1246 141 798
1290 703 917
1340 410 696
1387 523 19
1414 1355 552
1467 873 190
1470 867 1000
1505 1547 599
1563 1441 639
1574 594 834
1582 260 741
1603 285 681
1607 426 955
1612 718 833
1620 1219 861
1654 2105 821
1662 1658 965
1669 855 366
1687 795 413
1698 327 132
1702 1671 89
1704 699 123
1712 661 342
1747 1028 772
1749 1379 967
1762 843 259
1779 1888 322
1802 329 307
1806 351 129
1828 1416 102
1846 623 618
1864 1075 171
1976 1906 99
1982 177 263
2001 1666 315
2082 1066 533
2111 2050 929
2177 134 631
2178 1054 157
2191 1821 151
2195 1441 825
49 1406 806
73 1332 807
79 1216 46
130 547 597
155 499 151
175 1356 917
207 82 133
246 736 7
248 1754 930
258 756 950
327 1186 525
338 984 188
341 1482 437
378 217 343
396 30 958
460 849 764
472 1977 578
531 1473 934
600 1983 445
608 1214 174
609 719 936
680 1932 655
699 1754 699
763 289 987
779 780 903
781 93 870
783 274 113
799 611 671
819 1465 507
838 1702 384
839 2161 281
840 1993 911
885 297 803
899 1416 610
945 871 710
949 1322 249
974 1235 230
987 2091 828
1025 352 312
1092 119 183
1097 1994 330
1122 604 131
1167 292 136
1175 1985 917
1244 320 650
1262 1789 215
1329 1412 848
1348 947 125
1354 224 556
1399 27 773
1419 796 356
1441 1356 332
1450 639 339
1516 574 897
1524 1898 940
1545 1644 689
1548 938 386
1556 166 668
1589 614 141
1595 1828 355
1622 693 279
1635 1834 134
1646 2189 682
1668 569 141
1680 965 629
1695 1925 649
1750 790 658
1790 1028 211
1801 826 136
1847 1191 500
1865 1888 21
1961 277 804
2000 1160 353
2011 1735 471
2120 697 893
2130 1435 73
2150 1836 746
2171 952 930
2173 1149 135
2192 274 477
61 878 770
134 1531 698
139 1760 903
150 727 212
170 215 134
173 1242 764
190 904 863
282 736 588
369 546 393
439 1832 776
504 1718 719
507 222 622
549 188 796
555 1931 142
566 1611 334
584 1556 693
587 1109 205
690 1052 532
703 525 311
740 359 413
846 1046 12
864 1284 997
882 1049 468
884 1701 685
915 962 665
919 2054 498
927 968 695
940 1920 469
950 1463 665
969 157 68
1008 2027 290
1009 672 492
1108 1868 613
1111 1137 929
1147 575 216
1148 354 214
1160 386 427
1189 1814 466
1194 1497 547
1198 205 166
1208 1222 595
1211 1851 519
1218 1870 106
1245 1162 608
1255 1685 3
1257 747 139
1271 1377 347
1281 952 593
1337 1832 622
1362 281 426
1381 352 1
1404 529 535
1411 1921 602
1422 500 484
1424 1224 627
1488 263 116
1490 1771 478
1496 1476 45
1502 1628 915
1678 985 595
1706 308 236
1722 1300 184
1765 2157 417
1785 1029 409
1793 643 591
1831 312 980
1833 416 652
1909 645 109
1986 468 454
1992 1438 167
2007 550 297
2009 948 687
2025 1409 991
2058 446 541
2069 1893 665
2076 344 980
2088 232 732
2100 1356 881
2109 2081 335
2149 2199 328
2175 2129 769
2194 1682 729
32 1903 975
55 44 882
62 383 867
102 504 534
123 1454 424
152 368 795
154 2092 954
208 678 569
222 1058 147
229 1526 151
249 1118 415
271 522 168
286 1410 241
311 503 734
344 1924 710
404 727 247
429 1128 178
436 1925 791
446 973 4
450 1751 779
490 1000 27
511 1895 439
517 650 402
532 677 359
585 1923 777
598 1999 112
621 1412 177
631 1890 721
639 1287 748
646 834 902
649 1893 584
659 358 51
671 645 120
704 1367 632
753 2062 43
767 1997 924
811 353 677
813 530 70
822 1452 25
878 1946 430
904 530 319
905 1314 582
926 139 693
934 1958 85
956 1421 717
961 2125 410
982 1311 928
1031 880 546
1043 1052 454
1135 1943 814
1193 778 364
1207 1262 326
1286 1838 422
1308 493 994
1363 400 943
1366 2082 467
1395 568 801
1398 1482 744
1403 886 833
1413 870 262
1436 2191 330
1447 82 584
1456 1972 756
1457 1438 124
1478 217 100
1495 1765 865
1501 28 641
1549 1131 96
1558 1414 448
1559 733 362
1577 1118 921
1587 424 44
1623 521 71
1653 1027 715
1674 964 454
1703 2001 793
1718 380 732
1735 1588 516
1742 15 671
1744 564 530
1745 847 168
1766 1933 717
1788 978 898
1808 563 673
1824 746 55
1829 841 547
1832 1607 785
1856 1106 369
1859 960 834
1870 254 376
1872 849 73
1874 702 181
1987 1871 778
2060 1635 796
2079 566 528
2087 2161 358
2093 2107 769
2094 265 939
2105 1878 22
2140 1083 556
2158 1230 709
2162 147 377
2163 930 105
2166 2035 478
2174 957 772
2184 1571 947
9 370 227
39 678 5
40 1623 104
45 939 317
52 557 777
75 1093 733
90 762 522
93 479 844
158 1333 554
184 1113 92
241 33 848
255 185 209
268 300 531
269 917 416
333 1778 827
339 1229 17
354 538 551
359 933 251
409 1890 724
417 376 219
452 606 414
464 680 232
518 1932 46
523 1410 886
558 907 225
571 55 78
602 82 952
632 1700 862
664 101 649
691 235 602
700 153 698
715 570 606
725 473 45
782 1514 302
798 1409 252
810 1429 968
914 82 225
941 1063 579
966 2060 811
1004 139 771
1024 754 827
1034 1616 648
1067 38 702
1081 1650 648
1152 232 376
1191 673 872
1206 219 832
1224 1311 771
1331 1128 998
1402 944 973
1434 949 312
1511 1549 961
1512 1860 412
1535 1914 238
1578 1326 213
1580 193 548
1581 945 589
1618 353 366
1670 1652 280
1705 937 747
1720 401 281
1731 1737 316
1755 1490 143
1781 2157 21
1842 1615 215
1855 835 505
1881 190 151
1889 1739 678
1898 1140 211
1926 1134 138
1954 1591 976
2005 375 113
2028 222 899
2052 1095 740
2075 1736 717
2096 1245 168
2114 345 574
2132 1160 955
2137 442 801
2179 1239 201
3 1596 181
14 1406 279
16 1126 21
21 998 45
26 2122 387
31 235 514
66 1416 699
84 1102 910
146 669 271
148 189 327
162 460 94
240 464 533
261 1740 476
270 443 129
281 1373 141
357 1603 672
358 927 651
360 983 813
377 2122 800
380 1645 916
453 412 813
454 1749 292
470 2146 840
475 1958 756
505 1236 115
521 1070 849
528 810 98
535 1976 486
676 1047 659
677 2005 669
683 1332 841
723 1352 429
736 854 687
757 1742 677
786 621 568
793 317 959
796 1610 611
815 1822 132
852 124 908
863 388 87
866 849 485
910 184 583
936 1786 290
964 2158 337
979 1713 211
988 224 218
999 495 859
1017 1038 977
1018 1262 14
1045 1286 131
1058 1695 901
1061 440 851
1069 690 515
1124 953 137
1140 1483 792
1169 1184 994
1181 455 701
1201 2010 30
1254 1823 427
1295 1050 717
1313 1649 214
1341 1436 661
1368 2131 799
1385 39 297
1390 529 411
1397 1699 183
1423 1443 388
1464 481 687
1473 925 957
1486 75 672
1487 1396 451
1508 992 68
1515 802 231
1521 1924 628
1599 1527 544
1628 1810 278
1652 1308 438
1732 743 458
1736 517 953
1751 325 429
1753 1658 56
1848 352 380
1869 993 141
1882 1656 898
1884 893 988
1902 1412 547
1943 1438 623
1946 770 14
1963 1217 474
1964 1080 138
2014 1734 558
2092 1459 445
2123 727 708
2151 1327 102
2156 1965 467
2168 1036 126
2197 1926 996
95 290 205
97 705 997
107 825 243
114 1312 497
120 683 980
126 19 881
144 469 735
147 1446 833
243 744 19
252 1121 230
309 1751 572
310 1126 952
312 300 917
351 1917 245
383 2072 547
403 979 476
432 794 924
437 962 670
443 81 846
448 1487 508
458 1616 73
501 523 33
526 42 389
530 2078 57
539 1434 536
554 941 62
568 547 401
613 634 719
627 1999 113
629 808 225
663 85 70
719 2048 232
733 1624 813
780 1279 533
800 510 479
836 1779 863
842 631 626
876 1698 351
897 1781 648
912 1118 980
935 1456 197
943 285 188
954 206 934
992 94 898
1001 1076 474
1063 247 248
1125 135 997
1133 1488 493
1142 1471 672
1146 1481 53
1166 1134 628
1205 1173 501
1247 186 716
1266 2199 820
1307 478 591
1309 765 879
1317 1120 553
1338 1433 975
1372 525 958
1386 39 464
1410 553 450
1420 1761 139
1432 1376 68
1442 43 68
1458 1684 623
1461 1855 352
1466 535 346
1497 1913 941
1526 1263 730
1552 1523 272
1565 1184 486
1576 687 904
1657 1755 561
1689 1957 914
1692 746 888
1741 1237 627
1812 677 630
1861 434 44
1876 1100 250
1971 1724 767
1972 1721 586
1977 1991 184
1994 392 217
2010 605 319
2013 1551 116
2016 1957 890
2037 452 10
2046 110 360
2125 704 73
2146 1932 688
2165 1678 470
2167 1869 807
2182 1079 852
10 1505 976
23 205 294
50 1572 301
156 234 703
200 2034 180
238 262 861
293 1206 447
355 1496 702
444 1609 904
449 1277 678
457 1604 282
466 1805 975
473 2035 655
484 915 60
578 976 323
593 103 273
610 1905 352
622 1986 393
657 2018 818
672 1226 418
729 1303 791
744 1198 599
776 2123 613
789 2131 738
805 1607 103
851 2196 819
853 842 213
883 456 530
916 1182 8
918 733 381
928 1107 239
942 331 718
1033 525 984
1041 332 516
1078 1833 950
1121 39 429
1134 2045 988
1138 1795 173
1172 581 411
1184 881 982
1270 1698 419
1334 491 599
1343 663 33
1360 943 13
1370 216 349
1408 1596 389
1418 1180 277
1430 2127 346
1532 551 580
1553 6 531
1570 1322 741
1594 1034 311
1616 2139 645
1633 1303 365
1721 1139 179
1725 72 355
1728 1912 726
1748 387 486
1811 2016 953
1819 1051 191
1835 1847 894
1852 779 781
1860 536 291
1901 1745 599
1920 11 230
1932 1470 856
1944 1986 916
1969 1058 879
1978 338 3
1995 1445 393
2041 673 857
2051 1252 526
2070 1212 389
2103 833 492
8 88 357
13 910 352
43 2109 139
48 548 437
115 1292 930
157 1870 245
195 1403 656
228 97 504
247 440 226
298 539 957
343 2124 707
366 826 144
376 982 472
447 1362 756
476 1360 803
496 983 464
513 1280 977
583 1452 766
623 418 939
641 1751 280
674 767 384
724 1289 558
738 1695 100
743 1925 578
787 1111 33
790 1579 621
791 398 964
808 970 658
835 2090 739
845 1968 904
870 1474 698
871 1727 669
977 391 732
1051 967 285
1070 892 495
1102 1369 354
1131 967 936
1150 2167 997
1179 1363 678
1203 518 419
1231 331 306
1275 981 588
1303 213 284
1314 1437 404
1344 1169 521
1358 1700 900
1435 221 32
1513 1015 75
1514 614 900
1529 1020 493
1550 1885 843
1567 498 270
1625 1219 806
1631 989 112
1642 363 841
1650 1705 591
1661 523 914
1682 1979 342
1686 877 566
1711 991 475
1713 664 951
1737 1353 245
1739 1122 459
1777 1646 650
1826 500 912
1840 499 353
1875 573 131
1895 1800 738
1919 348 79
1931 1008 522
1936 986 923
1945 1058 920
2036 1044 385
2078 1568 26
2085 1183 996
2133 1113 514
5 336 196
19 1662 81
41 579 568
94 810 951
117 1849 30
131 1170 580
187 1519 233
233 2116 645
262 1425 760
285 1340 246
297 1669 983
302 192 432
323 1132 300
325 2125 432
370 2011 457
381 988 692
410 752 777
426 1468 306
502 1913 320
612 387 23
614 925 731
616 567 849
634 1238 41
679 2074 950
688 1693 781
692 1505 14
696 2193 454
710 1911 46
735 1504 130
739 706 598
843 520 342
879 2129 675
886 2019 147
903 69 910
907 953 469
971 464 422
973 1643 909
989 1550 822
1011 994 172
1066 168 41
1076 2098 129
1088 1993 501
1105 2014 839
1143 1126 745
1159 619 918
1186 92 511
1192 1237 438
1202 246 247
1213 1182 934
1220 2199 557
1240 68 14
1267 1791 297
1316 1473 485
1336 706 771
1345 1388 848
1380 700 809
1400 948 184
1415 1233 159
1428 1005 319
1462 1969 562
1523 2075 294
1533 1728 249
1546 1587 766
1569 412 368
1575 1889 377
1619 767 290
1630 2020 972
1639 965 290
1640 1782 460
1641 1135 190
1714 785 214
1715 1050 707
1729 1891 124
1759 1295 864
1844 1282 432
1851 359 544
1878 1232 690
1888 766 605
1914 1969 891
1933 1458 370
1940 604 779
2004 481 254
2022 1699 42
2023 329 557
2029 105 51
2044 1434 260
2055 2064 525
2067 1718 127
2073 211 46
4 1976 480
20 1670 479
29 2058 262
47 398 142
77 1800 376
109 1226 140
167 1346 332
180 1308 120
185 1905 813
198 1076 581
211 957 604
219 964 966
244 604 648
299 1768 700
413 974 253
434 2019 76
491 1619 192
516 1186 368
607 1045 566
630 1810 615
636 1378 402
661 15 479
670 2133 808
734 834 363
795 248 471
802 525 183
833 2136 404
856 1214 384
857 221 609
859 1239 361
894 1157 500
909 1222 200
924 476 459
962 2134 15
983 1809 422
990 72 838
1016 848 869
1022 2183 405
1027 359 584
1048 887 951
1053 1248 454
1103 1297 83
1114 418 348
1119 1710 420
1165 676 823
1188 1597 760
1232 303 285
1236 1062 471
1237 1654 742
1253 1848 998
1282 624 286
1298 1152 493
1325 1120 985
1353 255 784
1365 100 673
1376 625 596
1388 820 843
1412 748 199
1444 858 847
1445 1350 60
1463 1591 623
1476 2054 178
1482 356 982
1484 939 112
1489 1026 63
1503 1530 160
1518 617 455
1564 707 341
1571 381 904
1600 754 138
1638 887 371
1660 1515 280
1671 608 368
1685 830 523
1708 320 197
1776 723 538
1797 932 681
1862 767 913
1899 941 100
1900 1436 253
1908 917 317
1955 1582 859
1974 677 343
1997 658 149
2015 690 361
2018 1193 602
2027 1999 761
2038 714 313
2095 1179 540
2099 1438 538
2135 1538 756
2169 2029 377
2185 1818 750
22 1374 111
63 1468 271
143 819 119
253 170 500
256 1851 794
291 1936 258
296 241 240
301 483 80
307 305 340
372 806 991
401 1131 898
428 1907 106
433 943 750
492 1600 417
494 1437 653
495 212 168
503 74 788
506 1389 446
582 940 910
628 1239 219
643 371 789
652 2165 571
707 1547 946
714 1552 790
748 1800 169
760 1920 991
777 1111 471
785 1376 766
830 1478 148
887 179 306
920 968 188
938 1786 937
939 1367 951
957 1699 186
1015 1810 568
1026 1138 514
1038 1670 777
1055 1917 750
1057 1394 798
1132 1827 299
1183 2181 95
1234 543 520
1284 935 727
1297 1984 672
1299 1254 892
1304 2173 962
1327 1947 114
1335 1951 956
1352 389 791
1356 91 53
1427 1319 249
1443 23 853
1449 142 303
1493 2078 868
1494 461 361
1572 1594 602
1586 488 924
1593 1557 878
1613 194 877
1627 540 730
1637 411 535
1679 1977 75
1767 1569 488
1774 731 311
1784 217 933
1792 260 623
1804 1218 870
1805 407 524
1822 1655 909
1883 1059 534
1894 79 159
1934 1577 599
1980 1235 597
1993 2182 958
1998 564 149
2030 805 352
2032 1085 423
2033 419 680
2061 1145 958
2115 1895 74
2119 666 669
2121 958 799
2122 1606 15
2134 647 17
2147 1890 604
71 31 569
74 348 672
82 450 670
87 1222 635
129 815 303
160 1391 81
168 512 610
177 1700 225
192 1309 773
196 734 955
202 164 929
209 176 691
234 1951 358
259 592 578
263 291 689
308 407 427
328 1184 251
330 879 987
382 1929 179
394 80 242
419 250 556
441 430 806
478 1745 153
497 2051 246
537 2059 492
550 1957 884
573 852 142
604 2083 260
611 553 280
648 1625 137
666 158 569
684 822 847
701 1743 264
718 934 851
747 2093 945
751 1649 446
792 2037 727
812 264 19
829 1601 918
868 1586 97
880 961 289
888 948 817
898 709 615
925 1860 232
947 1601 630
972 424 468
1003 1235 378
1007 59 337
1056 318 725
1062 2107 378
1065 1347 684
1084 876 261
1104 2127 476
1109 453 987
1112 1823 864
1113 959 242
1151 935 560
1212 446 977
1215 795 327
1217 1992 568
1228 949 9
1229 243 386
1260 1845 623
1301 595 680
1392 1823 665
1446 921 251
1448 517 702
1477 399 757
1504 725 603
1542 1207 260
1561 534 422
1573 1372 956
1648 2093 24
1659 1088 715
1690 944 564
1693 653 999
1746 1672 550
1770 1802 763
1771 1829 97
1780 1831 477
1815 2176 444
1827 1588 291
1871 1540 43
1903 549 575
1905 1996 90
1917 602 180
1959 691 66
1965 1562 141
1968 285 313
1985 1 78
2050 2147 243
2071 1389 846
2072 1581 612
2080 806 696
2097 1762 424
2117 1204 724
2159 1667 866
2199 771 511
12 1374 861
36 1361 788
46 23 466
56 1248 341
88 2088 399
92 1438 10
161 168 200
186 1553 188
218 1706 725
231 969 367
265 532 928
276 102 666
305 1008 553
315 1080 84
316 984 984
320 1238 405
342 1622 326
398 598 547
407 1896 146
430 960 152
442 1708 794
499 1775 514
508 1856 727
533 1460 609
546 496 599
569 984 739
615 1645 694
635 1275 8
655 1616 249
665 2122 673
682 324 857
695 1511 345
742 1774 654
762 1414 962
764 703 10
784 1887 469
847 722 633
854 1571 462
860 545 741
867 723 691
896 1322 663
929 304 462
933 792 632
946 357 189
953 101 497
1052 1017 39
1059 547 338
1075 962 651
1085 960 807
1116 264 303
1126 5 415
1173 950 117
1197 2120 491
1239 1243 178
1256 1486 565
1259 1362 569
1272 9 788
1287 206 639
1292 684 717
1459 317 220
1469 1049 416
1481 2103 504
1510 1569 19
1584 1326 456
1592 619 503
1602 159 220
1636 152 541
1649 1750 510
1673 1834 860
1699 304 256
1816 709 339
1818 601 930
1850 22 77
1904 1631 864
1907 1520 622
1910 422 652
1915 1877 1000
1935 1441 533
1979 1193 434
1990 1682 59
1999 34 86
2024 745 757
2063 68 830
2068 185 25
2118 1994 496
2164 1944 839
34 1680 493
72 1835 602
106 2096 507
118 382 687
121 1563 196
127 1616 74
151 176 185
174 972 62
181 1882 229
197 1975 652
204 1354 138
206 2062 391
210 652 411
221 19 908
242 2184 568
250 1731 351
264 1144 736
273 1416 209
284 1305 465
290 534 918
295 328 355
318 1220 138
334 1066 850
335 700 583
362 1258 601
427 1890 444
438 357 178
461 892 748
463 1048 191
481 1837 11
483 548 592
514 1295 295
542 1804 184
547 3 707
552 1757 305
563 281 647
590 1781 587
592 1827 161
705 1202 134
722 1902 157
727 900 322
730 987 135
732 1431 206
755 771 484
775 2074 791
778 1503 215
848 962 549
855 1905 743
908 595 826
913 411 37
917 877 315
978 930 236
995 207 809
1032 1366 905
1042 1642 593
1074 457 506
1077 2092 751
1080 1841 547
1100 248 50
1123 580 651
1136 1567 112
1141 1823 749
1154 1181 266
1164 955 42
1171 178 787
1238 1228 43
1250 1786 519
1269 1430 668
1322 302 624
1361 367 565
1394 1825 62
1396 1365 22
1417 1973 515
1499 102 152
1509 1004 643
1554 649 498
1557 1668 248
1658 307 877
1666 1934 583
1733 1510 828
1743 807 996
1758 1812 91
1789 1872 261
1794 1577 274
1796 208 765
1799 1230 790
1807 282 199
1813 546 54
1814 2009 605
1867 1907 765
1921 223 564
1960 24 933
1991 1782 493
2026 469 517
2043 1347 253
2066 374 739
2127 1588 208
2139 145 210
2144 207 561
2188 1093 739
17 448 235
68 1051 79
98 354 933
110 838 110
111 730 647
124 1329 617
169 83 2
178 1116 105
183 1564 950
193 546 842
212 722 29
230 123 402
245 1995 868
266 1776 148
346 1945 114
364 512 433
367 782 737
391 1854 758
395 1562 434
400 1725 624
402 1087 229
431 513 276
445 197 669
479 2139 199
522 626 873
556 1442 368
557 1984 159
596 664 931
599 1029 886
638 929 575
681 976 23
708 16 571
765 1477 45
766 497 75
772 2125 188
794 52 487
803 650 473
807 1485 588
817 312 560
818 1008 586
834 806 420
890 1569 386
922 1772 351
931 930 761
937 2103 230
951 598 941
1019 1728 463
1023 2099 962
1028 1258 405
1068 842 378
1073 1537 212
1091 783 577
1096 1493 559
1117 102 565
1144 1983 154
1174 1130 238
1177 1576 451
1242 1634 652
1273 1142 531
1274 1824 437
1294 1747 16
1311 463 860
1315 1891 206
1328 992 709
1342 1498 317
1367 1793 941
1371 1767 182
1377 163 991
1379 833 656
1437 1422 961
1440 685 759
1468 947 45
1472 73 612
1506 1454 195
1519 128 935
1555 470 276
1579 1075 128
1596 90 521
1598 1648 262
1610 585 98
1615 113 535
1617 318 146
1647 1214 783
1651 1768 465
1664 1258 424
1683 1921 21
1756 451 89
1803 1712 955
1817 1943 976
1838 1343 490
1849 836 279
1858 72 973
1866 1352 68
1890 2057 302
1896 1476 667
1906 1853 868
1924 6 368
1925 2118 422
1939 143 809
1951 1946 856
1962 663 964
2002 1712 375
2039 490 858
2098 1545 654
2112 2027 952
2124 2113 313
2141 1387 455
30 1809 175
33 663 330
59 1890 338
132 1183 980
164 636 815
179 1459 931
182 2172 692
203 1176 301
205 972 179
213 272 285
321 1820 154
350 880 18
408 902 131
412 315 45
423 1487 903
455 547 692
465 1506 658
485 543 184
519 1702 523
534 832 23
548 1336 243
574 798 199
620 1699 743
712 2064 632
754 1691 497
771 1021 354
773 1293 589
827 1271 586
831 1924 594
850 5 641
865 27 196
869 139 554
892 945 470
921 543 806
970 2043 354
980 116 772
986 683 72
998 1368 321
1030 2083 352
1047 885 414
1082 1572 286
1118 1926 565
1120 1502 300
1157 2152 651
1178 974 412
1180 793 520
1216 601 408
1225 1013 236
1268 1223 592
1289 2048 904
1321 555 567
1330 190 543
1389 207 395
1401 373 111
1405 1476 31
1409 1204 607
1425 943 399
1433 613 374
1479 142 791
1522 701 613
1527 810 879
1530 1125 123
1539 431 471
1543 713 956
1566 1455 643
1568 29 29
1597 293 268
1656 1936 118
1665 1236 227
1707 1768 788
1763 1400 826
1922 1973 594
1948 388 313
1956 1042 651
1984 1242 730
1996 1637 879
2020 1266 762
2110 216 864
2116 2084 72
2148 1248 915
2189 107 827
42 1784 996
53 251 391
101 439 448
171 2133 805
239 1925 530
278 526 772
280 219 537
313 26 265
314 1570 446
371 914 140
397 28 146
536 1344 415
540 1082 829
570 327 155
589 1201 339
606 1965 406
619 1653 594
637 1182 269
640 357 76
644 1494 814
645 255 789
651 204 726
658 816 222
667 1671 548
686 1877 203
716 246 584
726 1262 677
728 1940 158
731 1396 103
746 1218 987
824 179 575
825 1447 251
873 763 323
891 515 420
893 1632 900
932 1249 466
944 906 604
955 1474 800
958 2183 1000
959 654 48
991 1091 322
1021 1870 807
1040 1658 645
1044 173 464
1050 1260 805
1054 149 811
1060 111 251
1106 1293 538
1161 1731 571
1200 1056 336
1235 1894 146
1248 241 262
1279 136 855
1280 410 132
1306 1348 981
1364 1808 693
1383 473 361
1384 1349 34
1454 1589 278
1480 675 641
1500 442 699
1536 135 184
1540 452 764
1541 1984 808
1585 1030 138
1590 1437 465
1609 938 731
1624 614 652
1629 1066 840
1634 461 585
1738 1935 621
1754 345 735
1760 483 191
1772 386 57
1782 657 668
1798 462 168
1821 962 476
1857 1937 590
1863 879 952
1879 2111 184
1885 1189 144
1892 495 342
1929 2121 61
1930 307 264
1949 2072 841
1958 741 148
1967 76 582
2006 324 337
2019 1976 47
2049 1070 956
2056 1156 71
2074 1031 852
2083 1924 148
2090 1816 740
2107 722 728
2108 2179 332
2 2037 148
28 539 636
54 2033 456
65 1520 911
76 661 603
81 1143 968
100 2156 668
104 929 555
153 1811 267
159 898 642
165 674 231
194 521 770
201 982 269
223 2120 162
224 1417 217
235 1312 909
267 1213 616
275 1064 911
279 1467 64
340 1409 605
361 32 301
393 126 468
405 1871 625
414 974 106
520 1446 10
543 208 935
544 1665 344
580 6 355
581 242 708
595 741 962
633 1426 628
656 1087 730
693 2079 956
694 2157 717
698 2177 718
711 812 250
745 1466 842
756 634 405
768 1778 256
769 853 399
801 1172 770
814 993 432
816 1009 895
901 1468 560
930 1487 178
976 1400 758
1010 1501 129
1013 1444 464
1014 246 394
1029 1007 761
1090 1751 983
1130 632 415
1153 137 229
1226 218 476
1251 1542 374
1252 1754 46
1265 865 456
1324 1354 403
1374 848 466
1378 456 125
1382 1831 434
1406 1167 796
1429 325 451
1474 454 797
1483 547 926
1498 1937 423
1534 1920 997
1538 2105 977
1562 1894 183
1588 2027 542
1604 1931 301
1626 1610 3
1677 1061 715
1681 1737 15
1691 102 643
1694 257 145
1701 1863 163
1723 403 112
1730 2140 126
1757 548 779
1820 572 632
1836 1002 913
1839 1851 387
1887 334 914
1897 509 519
1950 992 933
1953 281 566
1973 561 235
2054 1952 782
2077 1706 568
2081 873 327
2091 2055 362
2101 635 884
2106 1543 937
2136 1222 502
2172 1834 615
2180 1686 876
2193 143 817
1 1855 921
64 835 435
67 1170 150
108 1819 133
112 228 275
135 967 276
220 704 977
236 143 860
237 1660 332
254 656 409
272 1740 21
287 1623 136
289 582 677
304 982 773
317 2132 925
332 787 509
365 87 791
368 2068 883
386 753 268
392 1817 978
411 2158 871
421 741 337
435 1664 767
440 2124 438
480 1107 825
512 943 721
524 1589 147
527 325 611
560 632 735
562 999 940
565 2110 513
567 1425 610
575 1426 26
586 1198 836
594 1245 482
605 1275 555
618 540 567
654 1521 534
660 678 456
669 1708 272
673 91 290
685 1377 352
687 1743 70
689 732 661
702 1158 558
706 1975 948
752 898 426
844 2086 695
849 1272 220
861 1943 756
862 1689 556
877 1296 95
906 668 136
1005 1401 853
1012 1745 603
1036 1920 390
1072 920 616
1083 1883 830
1094 1615 100
1098 863 272
1110 714 446
1156 999 671
1168 965 140
1214 1953 219
1219 1493 643
1221 2011 692
1227 1413 770
1241 627 663
1258 1253 172
1261 28 770
1264 972 728
1283 1667 804
1305 1294 983
1318 345 462
1323 32 929
1326 676 433
1349 384 980
1355 534 595
1431 1842 458
1455 54 945
1531 477 61
1560 1354 741
1583 26 73
1605 1525 713
1611 1000 590
1643 856 972
1645 539 259
1672 1983 65
1726 1097 584
1734 1549 799
1764 305 53
1778 634 532
1795 2091 773
1830 2193 790
1880 343 249
1893 2013 372
1911 1494 489
1941 296 740
1970 119 918
1981 823 734
2042 207 363
2045 500 44
2047 1456 202
2084 425 789
2142 1563 63
2161 1231 279
2190 894 745
2196 378 823
