1113
39.51426864125382 23.541625668389393
13.82163518264794 39.946444358266575
40.17334325891307 33.026154044996794
27.074366340940493 28.54462467918712
48.048310017739475 3.88594535834676
23.37845610164237 4.794064786465324
1.0707463623748414 43.28482836737322
4.45416912551898 13.878245668553275
20.358798984338417 4.021209645929718
47.060424457401524 12.100105860168602
36.45180526421234 34.15562114102335
19.774517448749396 19.21689560200106
21.083132912019014 36.00834542533195
21.057903545311124 48.1207409992376
45.25693348279561 25.080429122508047
13.109066512801343 7.130112933958122
45.380818258573115 8.015791313375658
0.27211903766605205 43.25309253821212
29.25530995608198 28.84913616165275
39.09978581346971 44.4415562891663
42.83221739502952 14.473813185697276
19.56208207332611 45.07605972157967
46.82796569587457 33.5157038383778
23.347011130725566 31.70446041512439
19.51416899630197 17.61370820009722
45.71721616482389 25.4029707477745
8.306645164600063 30.484310883580456
11.966603101535478 23.036574547654205
48.13530652468473 8.087202487440342
28.163502253555645 12.166402645614088
49.00128152498349 32.710847030116504
28.572039092170364 33.384925948842394
28.613878659447746 44.86137022850004
18.910961645357116 49.45545632873215
28.54887071002353 39.46507606689063
15.439233981051148 42.79070089892706
3.980892103325168 37.084368493790784
44.75028854939186 1.5258138479094296
17.716574895478253 16.598781565213205
48.111928862810274 19.724550511123777
48.991375776271916 43.11731891754326
27.206422522860834 29.102891636422633
46.29186453665211 23.765203717438908
25.2054227955197 48.0626602170889
11.326597630623759 24.427635425744366
8.256915385299152 28.79838584840299
48.19249863178425 32.5350855999224
47.6665033655709 4.77386309739537
47.77002303975192 4.539110835473709
2.3228631609301384 38.96054407442161
2.429181058564367 41.854636182719396
14.247349329512133 47.888138512422316
10.239858287805642 45.73408650490383
7.540240103978324 27.778459161764175
31.05367588227006 9.790726535423078
22.45124434352237 36.8167847762013
49.060956564233734 18.703001087389577
21.819442245785286 41.96070489497974
27.725219854580562 33.008628414209426
26.707904469620345 19.594595780220498
13.358925892859297 2.8366518822394546
21.70084883389482 6.808627518088839
3.0280287851351453 17.927612797068456
18.036224569146476 34.11434260318772
40.95924135864359 17.356451052020383
24.514219160235097 31.004603540809907
45.172711790504124 49.99970749401127
1.952273467235316 32.923881445585884
42.674171632119865 45.97802547267886
16.849728305686906 31.935567006847144
7.214418787375992 30.056953378442426
13.880340391113 3.6561915327249785
48.360338918439545 30.30344062368475
44.84847233668172 9.872141626044117
44.42051027518359 9.17243415210079
23.824833881202174 19.662667677885487
44.629717488134105 19.637381265732646
24.32023195248645 11.823665674755873
37.920593028895404 15.980432228274394
44.56087404835873 17.91995811074126
46.596888053889934 27.422594272651672
41.19632921663794 38.389435007959975
3.271701433969115 32.90098974351169
20.101361122300638 13.78069498692749
8.545364698839458 6.989905875962332
25.325373449235837 9.426475556788233
45.071458770967624 40.21420083297372
33.6983533414434 24.6383869497873
40.89579485685941 21.818125021724665
43.11971489480831 16.85415985165762
31.252025376454064 9.42956223589439
37.13655612818293 37.07682898327203
13.358850913024767 47.99914919593557
17.0604242216722 5.415969631456441
23.18764675351116 39.895666270512976
15.576735855801926 14.57430675013845
36.65563888415414 9.103584045590729
42.5686004487538 34.71872913724802
10.24860669585636 45.09556287241705
14.706875424730626 5.332931655437456
27.68840437710513 6.142181603268821
35.25082647337883 38.36961748394145
9.934411537414173 7.573113851208118
19.4588897972155 22.303405063592173
25.544389969490705 17.818425951218046
4.026580383933292 8.531264964353113
7.219002768207405 33.93563066917023
36.04868257281088 29.97553710571817
38.215618622539694 8.767561819576835
8.145419123200643 46.715266638553615
19.24082748119014 3.878125229847462
41.597407574817595 35.004815897780425
12.417439761908 45.977388621715214
18.60174752915426 34.13439384853672
33.970559048006656 19.674473548378163
28.091699766277493 40.24535521394307
31.38864132089898 36.08612696972876
16.95497479037848 37.43384557927268
33.98930307623458 25.080818438730596
29.940716741376956 34.25952351375807
8.055942402686773 8.752678310426305
27.062888851761674 28.121845265627737
29.01008067356756 25.096506991868537
36.88778901101 0.8745723092649871
3.445671718646237 33.79457988196601
37.736046709815184 6.519871694560608
33.27541177803765 0.5278938228689023
6.534506544780067 45.85657235858359
12.725466203421837 22.288975258952004
36.82099436945539 33.55287616820661
36.463815539177624 23.800307723665064
3.2350312200233047 0.2719730643681084
23.75876925933603 24.33190678396541
39.72013936104756 36.19976898932486
29.23802554977865 44.96350040597991
2.6184734434743726 22.60709542635009
15.554969363763105 48.65125052587107
7.85607431585868 14.924493534577449
7.067748461543305 29.335888754696494
13.49712445880265 34.21587206369352
26.497978981165538 41.76859447493829
15.088175616304984 43.908012327838215
38.459768627166675 40.73290592346905
31.41837031218202 35.16615024432465
34.736069553973934 26.90538918328467
32.58928642248308 17.401499909671248
46.228212028455495 26.724770830176965
0.6180920276380286 10.054859143502076
5.615769592059166 15.328662992513625
15.190288347332038 8.021069522880019
12.937784426475945 24.868985796089166
23.633373121458227 45.862371797421844
23.54264573279697 15.331632919699745
34.700386355605495 15.304342938899296
34.15280258127545 21.36288343474139
20.33230820406775 46.416355151013406
38.15177788929313 26.5445126568184
18.210917491994483 45.349163250311584
5.624809262782287 6.061522476109954
0.6187602482168653 40.53543680307599
17.17073606531145 19.770831990967487
11.890480818961096 24.85478640382145
43.051617349989456 30.30626369036835
27.5698293519732 43.422985200672656
10.857873307233856 15.04458362910971
3.279227854358874 15.385841240685682
45.54056219162651 36.50931628358451
10.263901809520092 43.38133598375076
45.39875615516904 33.1035091269802
47.590096360767845 6.1793859958227895
26.408798212200274 40.93958183182577
28.0570389654924 48.416754898912686
25.143528064558318 7.973827612429862
6.024828639265323 26.31536629629031
47.453443896053074 13.655110340416199
0.5655638625094161 39.80546588548619
36.06803274833075 10.861738746887811
16.612561277379633 29.570785101488887
5.3243869189324275 12.027464574904073
30.112615960978157 42.191049281450425
5.341507439588233 48.046988341523075
30.578815210490003 17.777908624762055
31.132558402598224 36.80332699452252
5.8965248627749265 32.28352720396701
34.38364434013726 7.973835149840514
9.75269800586467 31.0068108556412
26.926501100477413 42.14864208193993
21.638793061917173 20.73043993448516
35.29386340993192 45.23470241041371
43.020116308691044 45.39256321354008
25.17003266678256 43.620619086857445
20.969501773459537 4.230240421454096
13.035571293415787 1.641856759309096
2.33083159344466 31.927401381941912
19.85381428847221 30.512903250940298
47.30795631328715 47.45830290750196
48.25825065541433 27.08240292878159
21.267157532479736 42.03816356042528
30.373656007320736 1.5192282381823685
37.49639141303371 16.87587018641145
48.140169996255864 25.351919342931396
41.68210940091737 48.26932510552028
21.80834777732093 5.160862681068057
10.944530218526488 0.9922500253834621
45.134545925314626 12.662045006115108
36.414836984797674 30.891925660386505
17.72983752640328 28.923162449043836
18.5428259241535 14.150564768822205
36.001949080241005 39.01732528593648
28.591127197185152 13.758727527878145
4.178583638185196 43.5465419221925
28.102192085013012 43.407376952591314
16.011787533717786 35.15663704489358
40.51681271207081 15.225887603413879
35.936864752244055 21.417179974441925
35.578034540492304 10.576504258200004
25.69566222776862 10.254500349978818
17.67187989881196 42.46148348486192
18.73288584702731 10.502763145859422
3.836395088955158 34.00731869619149
40.03542119940603 38.077587901082836
35.81310305372752 19.961177938503
3.5084810127578523 7.778592511705323
43.22002543512052 37.16786905269595
42.46871198052261 31.79175021084047
11.69301125010569 5.591364945984917
41.383226919002944 38.58935337503575
10.672199687166556 13.603115900484731
38.5948607984578 20.114865069066663
0.4029987844936078 9.980081138802415
10.447777442548723 10.891872427882898
16.67607461191693 20.33861038537837
26.963870137034252 0.010822246369052158
24.848389638345157 47.576018767164435
38.01923979324197 25.824162625389963
41.76742268894972 34.29990422670014
6.831365892199476 3.61996575365906
45.363286676935175 10.195929597717834
4.491391800099498 38.546080045400025
26.878530408179586 18.81804039655
15.2623024458731 29.621285613167686
39.972983594590495 16.380758494693076
27.41257149868851 25.7968955855792
14.27109616497928 9.791399623132769
48.46622299199363 1.72170045666854
28.311790072184834 2.3807942162956506
36.9240248985043 29.11510092769593
28.315925040268485 43.5742376542832
34.746915848390714 29.467717318578714
34.704056724115546 33.090167612741
16.191556854922712 5.165754973898062
47.87723954594597 11.162215621041005
38.94924806972849 9.074792430775563
48.41621863574165 23.751000776505183
42.96326533651829 27.120692047254806
34.559411446202475 35.745250614308766
40.78601225226866 14.469709561651634
1.5876772235849934 25.747519077266467
30.88619767933205 43.53689396358569
43.57394304831628 33.19797503087182
41.92759206008583 41.24127996220706
47.84832692581576 42.310450121206685
31.714727372802148 13.67834689431474
6.484493015184867 27.57813515457424
19.23725218863219 28.694680089172643
37.130534906924474 2.4520010780510026
22.043462774322414 0.7266899702493335
37.58776727008512 6.203243978491102
4.03487207885841 47.704741971304855
44.68339555779174 33.951752199089015
10.6975082763546 16.8259694679704
28.188087554779926 11.375783343633383
29.771939156071436 4.563502330562175
24.797069837703134 38.71375834208478
15.412889695588412 26.406818567249466
5.523448898237671 28.327281203367495
3.000601907755623 23.517332402355564
22.245012985598034 36.31517807239632
19.939946154152693 26.735357522198672
45.600882654902016 41.45157883312447
15.019609377879828 33.18894674347276
36.95192039113824 4.066748605773296
35.20251251582987 37.132150253317526
41.698926311494574 43.39758734501953
24.07994074467797 44.57962377521126
49.89518211436935 4.405413123637309
0.6457002352123986 40.806506615207155
42.79502454439753 44.09185987535709
0.5329385209098203 20.84692852720982
30.74767845226377 2.939408668029808
24.405089134353407 35.751458524006125
38.67567129476638 39.26128215740323
39.80375761175716 1.553266976752271
10.269723804724757 42.9661379108383
23.430139827495537 13.644718943357153
30.987099089497534 10.526196299000713
10.572953827645826 6.580576232607493
12.957956593140535 4.783131141840724
37.19464862165571 48.20093142386223
41.98433766865895 41.63428022144701
18.04900136287801 7.406462449314866
7.959011913861325 40.61240724154664
1.1270438103081537 36.92052850806115
25.236443304630967 47.90547410988182
24.714572895649145 15.937107484785546
48.755769836810856 38.45855749223929
28.39334854070465 2.680507813478028
5.04572124609467 28.458290115178553
33.42938858414008 3.592243893670793
34.6340037381473 30.720850934913475
11.165615505067706 24.1124377727774
33.838751985340764 13.28779926528923
0.27243743940738585 25.837521877070955
39.437230890410845 25.8796847529844
15.008647087795811 26.213015627148533
19.287028508345927 39.7656202776377
7.006401564149545 39.85957485908782
15.61759305183415 4.077683978397673
2.517813296968119 25.13246767274671
35.41501634367673 5.632212053620106
35.547072209439676 15.57909874262638
44.09055698479505 29.91577511860275
34.84078371999069 33.586133355290784
44.45346554888102 8.05179789956858
49.32059819678629 2.697256357826028
12.901273448429345 48.284527196678276
12.21598247891057 45.834519114826314
18.695757020633202 40.80021096177951
48.89135155979344 28.970716567591744
20.210385712970368 41.55109188112304
27.160576837304372 33.6771542625279
14.115132011332177 34.15600121342005
31.74324089449796 17.410648856831184
9.607111612200935 38.92204402071067
16.440814767261024 47.40554633994989
10.000579415308664 34.56508938309482
48.59727999692603 22.600977281932614
8.257408435506763 31.302438242173526
10.457528461358951 28.16056414477987
41.36923082492757 33.64930332000945
11.148224023024145 48.831206783980065
0.8950338725751794 7.47139074922345
41.1796060596413 0.6395440108588057
13.41304052744563 18.629090753680288
18.603082612152072 25.23914697639534
35.163314174873335 39.89450980378464
32.2582496940766 27.598442683644937
49.737592619800196 28.730733139785013
32.9043285422862 25.658822196116343
16.31543162936263 10.993470989430076
7.454835159024381 20.09434839763365
38.650826195763486 14.648369823794027
45.02061024053386 33.36890969280761
11.781045861344857 33.193062600541964
16.01518572225781 9.913660458394224
4.25950625400604 10.63114045017075
37.1877826192878 13.436986922102967
48.60706664983221 28.56601178581989
36.12305713114046 3.1312463280325997
41.6312413397876 41.265767142238715
8.483060463801806 17.854930934963253
49.280369303007795 46.39589406538621
30.06567203301215 46.24590104537313
17.779869980883532 47.524879537626305
43.61513082072962 11.160759397316738
13.940301942136312 9.478451378744545
37.24409676656171 48.83740270597838
2.7320165579360567 29.151400106567532
17.313000673730922 16.742235742968546
19.48875376227876 42.48162985100873
3.661281979435466 19.190493676177145
7.43264649294812 12.949304386369874
39.19642715902819 46.5175529533916
18.60563622587413 48.18463374992254
9.020570832200825 31.831093559677864
17.74741655323165 19.0510620109274
6.510717410360295 39.188398723346985
34.17756451146432 9.916332525590843
15.067503321965535 8.420051611724826
26.319639351186225 9.73207726640959
44.60872777735213 44.760728799404134
7.147557273483512 11.013316287855323
21.307708937372123 5.9497591480064225
26.53967683620044 17.842436169591323
27.562864035378258 5.528545662373308
18.293574445413917 24.617914634022537
26.733718785971067 18.688930015802008
45.384573290884255 14.426282897773552
33.789902272656214 46.21600673301749
16.943698103713018 39.6364991413227
8.693495738685952 12.820862596524913
4.385739275163419 37.5991217634184
4.071434680350494 48.47316933034011
2.1357750072271475 1.178369908174609
42.53350292903217 25.22049475990954
10.482496657915135 17.25336868003529
31.85276253912618 47.42068352329968
14.229320241561089 6.2955557718608555
48.149122190318444 20.31556710164525
41.01930698301798 42.66247029165451
28.203041000462225 0.4387553789377052
7.477515856808786 8.343814803114752
12.075228984918713 11.47720253194357
49.64448325121146 32.55388230239931
16.319493113285994 40.8956720037327
36.56709610500515 45.78518072397129
46.24974770230165 15.885220154544788
32.36820848222526 29.721241197241255
22.95850328217444 42.01122689991483
2.633943107420267 23.752337751564244
7.082989037027815 24.31349113112135
5.537662256160675 4.746032438849718
46.676401274690114 28.55033964125722
16.762208772443053 39.195154240531636
10.96558177500196 29.780653352997057
9.987078971113245 15.899060646885033
45.2627562773231 36.542189391097864
1.474758109440183 2.9296758806339085
44.84782714875152 21.511490752494346
18.120545349012744 34.7920557645557
47.24897982414904 33.72017303091454
13.222768013259866 24.4099084497182
33.02326536574801 13.154297428589889
33.1853478881534 9.8496987395763
4.875068646074316 25.878002579329518
31.38228299775988 37.5426808203492
33.749285823303616 36.69953577195208
32.49368114715171 2.1724033320498104
18.39727918672699 36.837249317104785
21.765533268294078 8.365918592768939
1.8375799272854487 46.045101685989074
18.850542087436985 40.86015806550758
24.119568930683865 12.221654885940293
45.154847531446194 27.910623150325442
15.847262440244341 36.653501246103595
6.945607575437856 7.367731778546966
1.0315936823890814 9.733514913990776
43.86695140331308 6.06689656831626
31.01345841355544 0.2462723828797031
33.96690723305385 20.961576223093342
13.436091098577197 1.1274513380942763
1.855478971748875 44.77428668329031
31.54418125663849 45.980939912649625
46.194128598181464 9.84871091280396
19.44845861153672 23.576886053679452
36.35950588273646 31.35680355709584
18.418311291313 32.05582669782386
25.829328413393604 15.047935961098307
37.751327361291764 30.628521259003033
41.60590952708502 5.322888720769431
31.31747538491132 14.188042415516316
34.822897807883976 36.573645073816486
27.48696374336661 5.4401558884907715
17.573381461426536 14.4506716687477
15.824665694939938 29.909946267286575
14.952573444697602 44.00259300415794
48.67029534733348 11.49712748308499
29.32589354189056 38.47881175230284
9.522380610047653 0.12940399094406585
45.91331371362367 35.99390043824382
33.00537761911808 18.502716715481732
4.923438061552643 21.223242433819188
33.1231203321557 41.89915748644889
25.675850295694495 45.83261597375569
7.488119256418013 3.637799075283138
42.417843742564976 14.440138030024874
35.265045889011255 48.84060543764126
49.87173082690546 2.5671565304837882
25.67807782733109 40.885090990232
8.94149793234837 49.255405377163505
2.105605337284211 8.167318084711816
29.46266484974491 19.81093281672159
24.022122387393967 3.613267065444359
27.396769031644407 13.481012723110252
5.345952709275126 35.7536020380092
48.4519802119811 46.77845995618518
33.11280625009576 18.116281933233054
8.753947210349011 25.638472062991568
24.81896160070884 23.193412583593947
25.8960076892307 28.62629826988425
36.264229177202594 18.303217726392617
0.46553282918403993 9.009799516770661
44.27364963945609 3.2949386843608988
8.973207323749472 35.66909339771369
30.288227301080344 14.233929200248575
34.00464778228978 31.536236065216382
31.488829516231736 2.9561689304811067
36.36883898227928 33.54106857730229
5.8536868091579315 49.69586004293464
17.035425628356005 39.885070751582106
26.348793503886007 14.866755819875731
23.733011114488818 28.87325651881004
27.311801448795865 36.517278929872006
28.2231605682519 28.50486542921843
23.013848263924658 31.981478054305278
35.4698919609197 37.556789793068624
4.370088881682999 15.8123010388047
35.19204170697914 46.98939149747885
44.81851096469371 1.2106305252445881
19.615916819446277 35.162565856492044
10.497969927277934 8.85297003092621
18.638285812992073 11.570598195238912
23.030175686754962 15.272636087191566
45.064793873083296 11.587596316926312
15.446725351888896 32.76373603959997
48.106474523612704 49.06092475703305
3.101068962997738 24.154212890399318
42.897132129865895 14.498354701219778
11.766655477063292 18.733629631653876
17.436913307403675 14.065254766974904
14.546307526832209 10.123387272860374
16.072486899584593 28.64142897592185
27.704230069261616 32.94145126400326
10.39182372016249 32.782851465026624
3.0808558818551157 32.740684120887565
44.24164524051263 0.5918009050014272
31.362072783467383 12.889281788517815
29.468181422522672 39.21955706709251
36.14822247083641 12.813791776171712
22.936973250469368 31.009057378405515
43.504554584191744 44.33963762570617
33.40501261341228 32.13059448097352
5.473676783727238 36.7410263206092
38.89861299015741 18.971850952472053
38.89185121986631 16.551569082082278
41.39295724953617 43.51426453794197
12.774830280357152 25.18889715965698
45.79436916703964 5.460918833836831
28.525240291669935 6.01102133396782
24.493921018357987 21.97686408345666
37.26236309499209 22.549098362978942
17.09107523033889 25.56097195991289
27.686472503686343 1.3507815120397226
17.27861959187118 46.78912661494561
46.06373902589179 26.120224330380086
15.33526745702658 41.451770485633965
27.154019084999486 44.655298999351544
45.189828560467085 0.9545096925894947
21.202692639683395 36.45953386926333
29.600971953073245 40.75870068230169
47.47901693210744 26.845713180479702
25.639160828111894 44.109635653910345
39.26732764092873 22.850067584598825
45.36241862119513 47.333152049363626
18.703712344674656 37.34039475350364
13.345170339508543 38.57718862394393
2.3996211400437395 10.328441550053647
23.54948664684075 4.033022683477816
40.405226020590455 30.686310628084083
22.92060280286801 44.39160527170979
31.739142050038165 7.218609122755609
28.04371827792237 49.57365952880075
39.44744949657937 35.356523364226014
24.216606807598385 11.61784256071891
46.95382779159495 4.616930634145438
3.372680490591362 24.01954478904798
5.323876701350611 42.40914821350623
18.431714452136223 10.783555101355391
17.99058618623502 41.77383872157174
16.860514669323656 49.98703847802547
45.474199806512864 24.203066423894388
15.493404508699527 4.744988822201224
37.678576030312804 43.81743344514751
41.99246469695607 49.12849770240682
15.457465219132077 45.865713772128025
45.72005761271589 27.806903079043703
26.317947013162197 0.7642953270516506
22.25122097523648 15.968079300693061
41.36461182310677 44.70826347386699
1.2711287971631235 0.41682829116369
41.88688017868029 19.262854555613668
17.182862948419185 33.659538609020636
14.35320556716112 15.283499711317155
15.393330840827602 20.253984262160348
31.999714436546057 41.014610824358414
44.95024398346174 28.73633582063153
49.68717052741749 0.2817147121226715
49.97065412324675 33.033158451800794
26.248990264077428 34.31852304936847
48.13160080682556 24.424371277838937
15.164344325922851 49.9599192862234
24.386035454321398 48.84386525833115
30.064221064369022 27.683877218715374
22.022227253617494 14.587646634670243
46.31466213091001 25.299697891831514
31.202478102035414 32.34510085142749
43.72018867651412 16.956960185484743
7.197001607125952 42.87717956201423
28.251780356361778 32.589017136204326
46.67144926984267 7.635987420604101
42.627598462998165 39.906818973411276
10.591600951495423 34.15347601150584
36.56095732517507 39.623289352574226
6.57635538451351 31.12264931893474
17.53889382282871 24.715462836442114
31.86019516835423 37.75287243628512
42.10600238602207 36.22101468754469
30.418915858065215 48.2016063987366
35.80203687075367 31.317777582960595
34.26745064737805 4.6680650233798415
47.138100689921636 14.249310418364974
39.45624127250421 12.080015470672844
47.29508530598433 17.036495622414893
11.872640439423392 33.213137218261274
32.58933591995998 4.85464609151503
26.596440748823863 5.553058966497387
21.174361407433125 20.45751471441246
17.263691294742607 30.24339328309682
8.93371482741247 23.094077928322953
48.66054843023722 19.058803168730158
12.069033120598661 19.990893604334424
26.59895947203721 47.500315502242564
25.49850804459603 32.66232455837555
24.018609114778794 0.8308321655381867
16.85492440726286 36.06282162335031
31.214564643273988 15.151956129260657
5.608721831045854 5.9099667231023005
31.107713339783867 7.468980266639591
45.640348373571555 8.383884848951734
7.555086818536816 7.09907908130144
37.44751634093287 16.848109657532074
15.839807424747116 45.7484515296415
43.096806052166414 42.23894266769179
29.685435871799893 35.1173539069675
13.015369049567576 17.334792655248116
28.40708181358518 8.987676327248245
8.767332805539635 30.243916847152125
1.1417220612243373 31.40592932695751
20.07081718082903 9.138491602592158
22.49276136015977 23.79517535082829
27.485326658111596 18.514816272050204
45.37891291047696 41.612687756020065
4.435571440371078 37.07399414426574
12.395098290382744 35.51578209836327
33.53665579789318 48.69430354932809
6.573113412840653 12.906499537347592
32.54682632827704 40.90598693338616
46.07238887705658 23.196505790667686
44.69787545741349 19.78111881402545
25.03627317853781 24.166780905643765
46.63957088441477 16.21564468642895
14.616817913532854 47.39236900009626
14.783338376258747 26.207675508946142
14.001130292417052 17.860680742988023
17.441725512692347 46.92555118288848
31.1649568652196 46.632514974143334
15.834048798941724 41.11113043140474
27.034205560708415 5.6781982810854945
11.764897189066403 34.67825794883695
24.752716432258946 10.866915585390352
23.581040112628003 26.24325511352034
17.83466697228108 32.49554824585821
4.873588012729124 12.76379176523278
7.122564128715525 22.713976007792702
42.31610260910962 12.464408221641154
6.676862779418641 45.737086401307785
30.01565201302907 44.79142307315222
32.99083257104217 19.829353267187855
17.802677610868322 7.266931198489362
30.25435084665553 29.70610789078612
19.996818407745558 20.8010120047306
36.7829197679377 44.21631196063539
49.35971650594173 48.27327093142933
14.183227515567054 26.95482797984301
8.182101184716755 26.00924001416775
41.34420226148572 6.79791380337405
24.75133695018288 34.15415353309388
19.922565380134223 31.2638579713163
18.806894203460644 19.886047935403305
46.634453843521726 8.071358710071058
14.015067703574868 26.91210295948771
30.369788925078765 49.30149819029142
38.980576531666486 25.75657391218425
18.913620126910825 18.164801263768005
20.861511006429918 31.975640845260717
0.8887791678671486 40.53314702602183
27.265431311015213 43.6239332612852
13.426718971412294 32.11693457469544
2.778224765476284 25.049460908741324
15.028536629307986 7.451147555908161
26.2136957891548 11.408119185971517
26.095709220703945 28.699670225237934
33.47064339737862 7.165897542616262
46.69020234160941 20.695372601272844
8.745555870572879 2.296368263110904
32.22612568991966 23.604224557144104
43.77284518763073 31.883001686885326
43.000261375943246 26.13488575877613
0.7508912747927421 8.400277444133325
32.736298645885995 20.31091429276041
39.66098538489513 11.074540247216442
4.647735676434333 43.48095876811371
34.797592477744566 23.41500345472874
40.91697099310163 24.462982549725083
8.502192830444772 18.257218371755407
2.943171683641166 28.501783877429077
2.3292544071509766 49.4758458621146
5.2291183691294485 0.06477202447498498
37.17176759670379 20.900449417683298
35.35725225871699 33.40917609571277
34.23506098972715 15.907534636479042
26.1477946756707 8.324539209382664
28.17146216085219 35.663987194266205
33.79682237256942 12.48759021004765
2.1746845200151412 10.061523847960446
37.55980713140401 32.46224616291499
12.381683960020595 13.008717374012956
2.376173344897831 32.53575528008199
45.54098749909154 32.93661567853076
35.723040020097486 4.302624070159683
19.580416382672112 20.125934207085493
23.941354608329828 10.191251115060524
41.44336544160022 4.778222723136782
1.2952315926055558 10.973827604246644
30.361683004181216 3.6304161943838564
37.105371566110385 10.708320877627415
47.59452761257511 8.351575250602245
22.4400281391363 22.532000030513483
45.58634653327145 25.962603385121607
48.05204783179058 5.2592528878991125
10.48353444846618 20.084196672335214
39.51811484752344 43.83204086932303
21.998082551012033 31.94518809166844
3.86637875440195 46.329632850072585
43.71790240740753 41.77295128164047
44.37124634630177 6.464914313304643
35.13732360685435 14.439449627153072
16.649189162763207 33.277773870563806
43.91758494485716 8.050980433629734
29.706982881313586 29.081794312746407
43.185982833499175 10.546624369506585
40.17390397848289 2.628651939503135
24.043650417931104 7.3098405417552526
46.591948691651424 36.92535658523286
37.875785055101005 22.299633934329538
13.343247239007965 40.17264418629865
6.544463751916091 16.27214602244343
40.561421141367944 43.88854959857115
31.093003747258546 18.290482504301764
47.20367631763659 24.43939795362311
31.202183359057972 10.910052543066861
49.35306680022909 12.9211313137715
38.312421019956005 35.17863603923427
44.77536874449043 23.61712241260015
45.06239094645191 28.9048609804607
7.772638617876981 23.10430187447958
32.49333021605864 10.52569776724342
5.455581453880681 30.487640821829203
4.329663095428149 21.34308377821506
17.69943660110449 34.2137439890718
4.570374827198559 40.90168113274696
28.253174157560135 32.44748732991509
30.611892190975738 43.844270128697794
3.7393576870077663 2.091368036727431
29.172066788983148 21.708215835916693
40.61213045286955 26.1853920120773
26.396186072694654 49.81590223824595
37.53333684918985 10.646097858075432
46.69975736826525 37.66397286559718
42.081878423554485 49.086435432801586
17.139136476954224 11.030687041157494
26.228998796788026 48.803990163910655
35.39991376269146 35.3976378273318
14.592226088338379 11.933210837173513
49.854285269219325 3.221540347231361
23.123333851897893 23.228007503828984
9.562475742854703 22.09374491806651
13.590720533079597 29.974293516779106
40.57959380991242 6.889591886306773
30.984195385954198 10.127757472314675
42.47814210450612 46.63667141937955
16.800250179417592 11.930326023018717
25.607732904373066 36.02050562684663
31.058454379854094 11.979514741368142
25.287367594146144 32.198122569671575
19.85469865320681 29.008047458454666
33.86200054292806 19.90444941995144
33.274604390563525 47.476828538923726
35.35389884129479 41.71340184428717
30.570458902301674 48.492564715696965
10.300676313466106 25.755002012855055
5.64764764611505 15.532032534674661
0.2956608806707617 20.19179613147327
26.11162832044926 28.988181600989556
32.73264241680116 22.32233558110792
3.3940454934539788 36.648978006477215
6.305806033772921 20.306373440848557
49.80669166420779 36.878101965923875
26.927061168237604 47.19596219602827
30.76458366507973 37.48728601479664
11.896730400100285 30.208511828947497
36.874504696538025 6.0733224119132565
47.399942268382816 2.9923775337495018
31.102937451584406 6.938448026534455
40.69988500119438 35.01247915772589
20.81739540226938 25.621013927048512
3.7603908442074285 20.12289732049578
13.137749620603529 14.534074813519055
39.45417751451409 5.895363371611118
34.739185650804146 2.242712862845603
24.999370660985683 36.337008272014145
34.01605944093215 44.50661524388969
49.81578977768208 23.25767030128053
34.34595871942924 7.372647060066939
16.60377909405188 5.73654951089177
22.085860262063445 11.32284739935876
5.122218548512553 2.889909913906208
31.887375925127966 30.76647767052097
27.878656712605316 12.456024985532066
34.93562140019987 35.01046922451813
25.743352407901547 6.590470509184848
42.796356229861196 25.250803718176307
9.3603299271448 26.704369207511704
10.698585681135592 17.09808406312276
49.152390428344425 31.180100663304007
9.28493510572661 39.68371851466271
2.7033225912812817 3.363474654201859
33.12963927551224 20.488905679814135
43.34943747437438 32.35830996856344
27.65411019197183 49.69673628775994
17.92381973581934 35.83879607532421
43.46258790111743 19.088494886023184
14.770557543299873 2.3470057630994967
18.575491147857125 8.288411293030439
15.382524168733609 40.35733967779604
44.55563342002497 45.50682964424427
34.31511964000562 32.76666609508945
42.102563095988835 0.839948768216281
22.38969619698232 8.408354290179965
5.332872611788142 27.655032317819984
17.62424404375621 6.690373193935272
21.66937249195131 1.6231236675628646
26.815204910326116 27.522038814086265
36.02963263958172 17.557068978944233
8.243156266147867 26.321018496145708
3.834460088548891 41.37082478961229
2.586391341378136 33.081565554978944
17.249448971755687 28.19671277705592
24.80027034172147 45.23698524449352
43.02784200737599 7.98053464769345
34.45656486400186 16.36374752330748
28.340496922935092 6.720111239775672
45.835795711866304 36.65162231587006
13.058848312336636 14.921052638367849
21.92694320256668 26.503661591873538
33.09930604645809 34.81424913602888
18.412708342508193 41.63183355033661
9.642653997973271 34.41277893510992
4.704839905313168 16.57851946503859
43.30954283778317 9.581634480049544
39.14287102298572 3.721079472988098
20.703283102490833 4.951873740532325
14.580931633550758 46.506127775475086
43.12370178399979 20.73150340372745
18.76113864373088 8.912109348135184
3.7109234660390844 35.24859554086087
21.1083931011916 17.953230381654322
19.795492826776538 2.407871103464221
3.8802337726867697 12.414741691575182
21.81135407829398 39.15014007402119
0.9667301536981254 28.94904475198013
8.770760431003572 0.47474060774904125
42.05923540613031 46.16399888699965
3.0052968313980077 48.61828924297719
23.393120800160837 48.39932760454199
23.644727914399038 8.578767141826182
38.818476272116456 13.5139099344898
49.135514366338775 14.332180137283562
6.564063022616306 23.196245553080843
3.993387701703943 38.80970957970376
17.733650956547446 40.06229703543146
33.93944906501948 15.986508982427662
12.310168606115285 43.11939896665716
26.586857608296366 5.278967132404855
7.241982756677018 12.051852963749122
41.925234934384385 16.855485022800664
9.04688057949622 1.2232885771886526
37.99249438705613 11.436521959368623
40.29321539673707 46.292829770668156
12.32888302278836 9.692837609473193
45.30396282359974 49.906547337844245
29.07560289723319 44.44659889041846
15.478286823722431 48.052640184969356
14.910456096225232 13.538201556899153
38.73654353469887 15.358243085209772
34.40553324673811 42.442351396805
30.768457551014844 25.857694863648074
46.8470462531202 43.500186647426304
48.000549551480496 45.57657860603155
2.074988247859472 12.979886116328137
13.497740709597927 44.65278244287747
2.480365617365554 38.086439583930826
7.375325526810866 29.655280877879104
41.94035104669092 43.51194587438758
32.72142303835062 11.263306976020582
30.17676192565975 41.15101730797048
16.516256698698196 38.533010927410466
22.790848188221428 7.2015556828566645
42.583498268667746 48.605690826177856
3.057478462054891 48.0293885519414
40.220219416536565 49.901091663517015
1.454351644377655 29.895947560809493
17.825821878933823 27.591262442892
42.85696307772107 37.93136130847829
35.58665023736699 32.464881776269834
29.347646615372003 46.581074246931585
5.071809791685905 38.16893895314217
48.66703867078107 27.16225792846048
36.457063336175175 27.25409566664776
44.47896602394216 38.137029510289345
26.017474715301237 43.452011447849365
44.82475439285602 40.24265974525072
37.51582306371025 26.177381479220934
19.410606964435644 1.7146840117013007
31.162632761329377 23.374351462192717
24.701723624182048 8.4970112715613
32.93497867157314 10.516484397389092
48.18944604507352 20.553845109160797
15.215078137123966 26.821347648545647
29.652769846583627 18.18141666991655
26.945984801865137 24.555288274367943
17.753158827062926 11.563261853011037
17.800548486609824 13.680889277686365
14.881671927531453 42.720931581622246
46.22111364355834 22.039063877109967
21.819962906595908 41.482783191793104
45.611282031601974 30.75970295938863
16.481854904015687 6.126660290940034
46.44736558907215 35.659225384520596
37.76969096099112 14.947981321242143
14.625996164563798 28.010359590576066
46.4098092112946 37.16298552376459
17.975707017488258 32.25891484898854
49.52401665777732 0.2775485698813085
23.534078586937092 34.01426425513968
4.64905948580443 36.33521813323054
7.928431234546496 28.954722595584613
11.933623729226811 21.303795027379003
31.996821761518294 22.165934535201743
10.322506492954897 40.268009245237266
38.6474633727444 7.869860660244682
14.680164580466748 6.066539290370604
29.878503321413675 11.503894486558009
16.010936859534887 30.544808018499225
14.866419810314929 29.674095378645944
16.20078569516032 45.690722884671494
46.080130165531614 8.633478189681465
32.035529004330215 46.57870200417448
24.489237324469798 8.625755109504995
30.643058383776108 29.26804930675037
8.108650745789959 9.686871246606549
49.962158514845754 24.58493704325316
0.3581769497474241 24.311132987581136
13.358111137418282 33.0629607345251
26.014459608990116 43.765691958186856
17.085316090043428 47.22543245260377
22.894029305252804 7.776576475726266
2.939791328893854 4.863276819679118
36.82999832600673 1.8114342190516441
26.14945061021425 0.995614142362311
5.991313323112424 2.248604100361562
40.3176476811125 46.795791102696185
8.142263832728725 7.349071257050954
47.06556051217966 0.9238579462331642
21.05130296504094 11.137335551786908
47.91156683243037 12.427149090282368
11.932048804497036 48.04915007762433
39.880824796785674 4.653878845902609
26.53567348681387 8.518568455651486
14.355868457549647 46.470317319947306
42.3127068345525 49.55367089700552
0.7591069051688104 0.4803579986050466
32.923602955130114 49.78979880033359
42.80066582402413 7.91695515795563
13.301279331697064 35.5110825422852
5.230135084215376 16.408137661107418
45.45511424366485 32.695506778158034
33.29831226173069 29.916001263123697
35.25476982963032 30.265686984657247
25.465163047899775 9.805279271912969
39.543494330383986 21.417019553831363
32.2827415429442 32.21879428578223
31.10440597592582 23.146782866283083
10.836946219890775 9.720315157478987
36.23959363178493 8.922258189391163
44.64952078773054 14.511020735399482
16.02067526563803 25.802850500325718
33.52181985524715 46.43399024183672
7.63080978610925 5.270688062159229
16.444415324127593 21.45183678080465
26.641964729220785 16.5260892056075
13.401710973830362 15.315817892414675
4.557582835579149 2.0687759071755463
8.668297156344874 32.74043344717739
48.499614854134954 28.01263143465566
49.02388567694578 34.5557526144469
11.530208827406224 25.771284369002874
45.20618939240012 44.03039681662035
2.7721922453230743 47.503733753248056
43.87625521167258 18.841307824586785
46.228778294527984 5.023688940456306
30.388275676720365 17.01215467569361
16.001799127038336 10.753259071939336
29.736035276342193 3.550405397359857
33.469057439162476 39.74105674131533
44.19067554729341 39.483819120947274
8.90523424948949 33.766772166892665
1.3495904997930686 16.530297508533863
46.01713077359438 22.118682072856632
35.58380246943926 48.730754191263294
2.9128139895633396 38.757549851981125
39.20126641097139 7.032854547091361
17.135605532418573 22.26979920228449
47.03612595488411 34.034170959991265
5.567659640918593 43.264819271316455
9.62902183252481 3.87654062090248
42.24419325789325 13.685683331645448
15.681128068645334 46.62905568636018
48.41828836744812 43.87955137867204
44.044675563358915 37.40538421135726
49.577493087015526 26.213450147020218
9.15529175115825 7.931761398828291
13.537282150435942 38.5230958783388
11.516579911274405 22.31525544377137
32.22276867264276 26.74686974545691
16.61491610103066 19.3575539812208
47.298882261689556 43.72399996757108
11.472536803299832 10.91777354757289
46.42055630578854 40.32550198267727
27.939578536991377 39.54845393765955
22.548303337012733 25.838295292516012
25.780761211728258 38.91214218950992
43.51088387795857 36.837476862129634
46.6300587284574 7.331645163095645
22.795579192041483 27.658587634673896
31.96670725094365 48.2352336461834
15.407952779287658 21.021219185310763
44.40852595936355 1.2288108944297993
34.56676388460163 34.35725050358928
41.82358068202595 34.06023030248684
45.986061998813824 25.9614347509365
28.0288141279048 38.83666705144431
46.54529308755918 35.20903815383991
42.174327475717476 25.514145559844415
23.25960007308985 22.77467632186424
1.3045923798287784 31.899036378724993
16.636308787225314 0.03842926030698801
27.04293669937184 22.18452034737114
29.739922519958164 21.679798079179307
17.86324253941257 25.39075408689373
30.586789251661056 1.8370096917422363
22.99284849605509 20.98562290778198
40.851919169534796 2.1486022537160308
32.63325617863869 11.433736110871868
38.2942600893243 29.496226105712008
21.890292382904214 30.454454384167235
23.79308120611863 22.332007143522397
22.572968821697863 21.36550254614036
16.436922009410814 47.1007901201986
47.85036563589327 32.04687782117708
41.71789878263275 20.4570353646615
9.648431086817382 11.780491478536192
18.558008729763802 18.728080058629143
47.62366245948007 10.5041861452488
30.63036884646288 33.38994595592343
31.56824730105889 22.86445241578968
36.237171528155606 30.198822631315476
6.181265570928901 37.860405503264865
28.86746825268639 20.060802851847097
18.283182507671235 49.84224820334872
7.481717666390159 1.7243944720239268
1.7559179758336207 8.160675228778336
1.5563602551571243 39.944823088664386
44.75834716748769 30.85937437673314
20.970509241313618 47.896032225651794
27.097183956933645 32.46097809092303
14.92818460856215 49.2957939048048
43.02577872787559 17.11750583398474
27.283334418491574 3.9612773221552597
16.19840550434707 16.179581094125485
27.871217625838003 40.326865220199004
19.025240164069544 3.58437866286897
30.74856468069182 49.83296983720887
28.253280718177788 3.3704511705103357
30.606228954733727 11.034065888135203
32.24102747177716 11.09833526031646
48.04191488980841 25.776088144947696
3.099866313801747 34.98898628907752
22.866844887237235 15.857810343300615
8.642614784055974 23.18782679518615
32.16910824596616 46.21776850731092
14.909820702505183 30.72038257542657
36.467720006207195 9.877745902407058
19.93694809033128 43.42619854413502
22.965268530376736 30.62579869763499
13.380689405251072 16.44091202846799
19.643353432488038 11.736230810361775
24.640189780992177 1.642065190192249
47.743848048678935 32.900911234847094
4.189073486633515 31.88246830827104
13.04033396798608 22.98575789812481
28.976741014183972 49.80558559507448
8.227904348108606 13.228172933610416
32.962454082060994 15.57066002436523
9.745845555106769 4.055656786052319
38.11334375570522 0.9109623887625595
2.3965367329340626 8.832810130346175
49.52752152833792 26.60678254908374
4.235243797592281 19.53335038331911
30.736077940227563 26.675459868628025
42.37929974932168 22.58574803656123
41.69280042460779 25.363969019420864
47.62150404324997 27.955519106316412
