#So luong nut la la
2200
#Toa do cac nut
14.118 43.803 0.0
46.586 41.776 0.0
44.503 45.172 0.0
11.091 4.311 0.0
16.507 11.503 0.0
4.144 30.775 0.0
24.921 17.311 0.0
40.136 40.395 0.0
28.591 26.853 0.0
39.680 39.206 0.0
14.892 29.953 0.0
29.845 23.353 0.0
34.207 0.203 0.0
19.589 22.257 0.0
5.217 8.031 0.0
37.702 3.898 0.0
16.717 5.732 0.0
30.544 40.505 0.0
9.312 31.525 0.0
34.695 29.274 0.0
10.814 4.907 0.0
15.285 29.385 0.0
22.486 6.147 0.0
44.194 13.575 0.0
9.352 48.634 0.0
33.588 39.750 0.0
36.722 13.978 0.0
39.326 25.762 0.0
16.803 26.235 0.0
5.653 8.342 0.0
33.823 43.469 0.0
37.302 35.401 0.0
3.425 41.943 0.0
7.623 29.445 0.0
42.270 10.709 0.0
41.692 18.676 0.0
26.768 12.058 0.0
1.480 11.513 0.0
5.636 46.394 0.0
46.114 39.712 0.0
49.595 38.443 0.0
44.023 15.068 0.0
22.926 35.385 0.0
25.317 34.739 0.0
45.843 26.511 0.0
32.171 30.648 0.0
33.673 8.292 0.0
2.130 39.145 0.0
48.698 28.381 0.0
4.310 18.098 0.0
33.156 46.993 0.0
41.262 9.961 0.0
7.416 4.357 0.0
29.911 40.997 0.0
15.589 28.486 0.0
33.426 8.796 0.0
31.971 8.390 0.0
32.148 42.505 0.0
5.627 44.012 0.0
45.754 22.791 0.0
17.131 15.707 0.0
0.741 21.421 0.0
1.049 42.843 0.0
26.998 13.607 0.0
0.082 23.248 0.0
14.751 29.737 0.0
11.961 12.665 0.0
18.479 46.993 0.0
18.177 16.088 0.0
7.551 25.484 0.0
44.377 20.957 0.0
34.261 17.984 0.0
45.934 5.505 0.0
18.707 27.161 0.0
38.525 4.287 0.0
36.541 49.248 0.0
2.868 6.861 0.0
39.984 28.517 0.0
34.735 4.942 0.0
44.711 2.638 0.0
36.268 37.951 0.0
25.215 45.003 0.0
2.255 16.793 0.0
29.084 6.482 0.0
45.516 30.995 0.0
46.254 25.661 0.0
28.847 14.825 0.0
2.756 13.648 0.0
27.051 13.936 0.0
39.736 26.747 0.0
31.524 5.237 0.0
37.577 17.925 0.0
31.583 29.191 0.0
1.881 5.883 0.0
11.261 45.530 0.0
42.711 18.760 0.0
37.651 20.549 0.0
1.057 8.016 0.0
37.052 46.488 0.0
6.765 36.891 0.0
8.133 31.352 0.0
40.338 26.977 0.0
7.149 30.482 0.0
16.952 45.907 0.0
8.807 19.641 0.0
14.774 38.936 0.0
47.846 32.995 0.0
31.281 47.289 0.0
30.566 8.417 0.0
20.612 16.531 0.0
22.647 46.796 0.0
42.236 28.954 0.0
19.384 1.702 0.0
36.181 44.968 0.0
37.186 20.661 0.0
32.927 9.857 0.0
30.642 9.534 0.0
6.679 23.879 0.0
37.734 37.076 0.0
39.191 35.675 0.0
36.913 37.592 0.0
27.580 1.221 0.0
13.651 5.813 0.0
43.616 3.126 0.0
30.799 9.589 0.0
33.894 48.022 0.0
26.648 22.814 0.0
39.963 2.952 0.0
26.934 3.117 0.0
15.002 45.238 0.0
2.177 6.281 0.0
18.973 34.108 0.0
29.751 42.091 0.0
37.294 16.534 0.0
30.845 34.392 0.0
39.025 4.200 0.0
46.109 1.468 0.0
19.341 3.264 0.0
40.161 21.569 0.0
7.615 43.708 0.0
34.386 42.401 0.0
16.817 40.440 0.0
9.496 32.681 0.0
12.161 24.026 0.0
44.142 8.496 0.0
36.908 4.986 0.0
13.599 47.137 0.0
1.075 31.874 0.0
12.945 26.320 0.0
14.431 20.065 0.0
42.516 47.245 0.0
28.605 15.104 0.0
49.475 15.854 0.0
44.389 11.752 0.0
8.270 17.779 0.0
39.408 27.456 0.0
44.491 29.020 0.0
28.184 26.872 0.0
11.147 6.148 0.0
31.344 12.283 0.0
13.778 46.980 0.0
3.227 33.263 0.0
0.950 5.101 0.0
47.450 27.807 0.0
39.669 29.337 0.0
38.158 36.269 0.0
31.061 32.358 0.0
10.591 28.923 0.0
40.234 20.937 0.0
38.411 7.749 0.0
15.672 44.106 0.0
26.746 33.106 0.0
7.758 34.405 0.0
19.348 36.389 0.0
13.023 31.756 0.0
45.418 10.452 0.0
20.597 39.102 0.0
16.685 20.611 0.0
20.022 13.880 0.0
28.139 0.398 0.0
45.007 49.650 0.0
16.447 37.856 0.0
26.072 47.747 0.0
38.550 20.152 0.0
6.061 19.705 0.0
49.165 36.551 0.0
36.475 47.371 0.0
30.026 42.379 0.0
19.257 9.129 0.0
5.550 9.521 0.0
38.257 7.471 0.0
19.332 32.176 0.0
36.897 5.229 0.0
43.373 20.167 0.0
43.769 45.282 0.0
47.277 45.889 0.0
25.865 41.229 0.0
17.767 15.173 0.0
9.908 34.612 0.0
39.851 6.783 0.0
5.891 17.644 0.0
29.688 20.038 0.0
43.321 19.058 0.0
45.816 35.144 0.0
39.903 44.704 0.0
49.757 26.235 0.0
14.438 3.817 0.0
39.229 22.807 0.0
30.572 36.512 0.0
37.206 41.269 0.0
15.678 37.975 0.0
37.872 4.690 0.0
39.653 0.081 0.0
36.168 35.429 0.0
11.696 11.712 0.0
1.073 42.346 0.0
9.220 24.931 0.0
44.015 31.529 0.0
42.008 5.331 0.0
32.884 47.083 0.0
26.394 41.400 0.0
8.999 46.419 0.0
48.851 39.516 0.0
29.097 32.689 0.0
35.674 28.334 0.0
26.889 5.555 0.0
15.634 38.743 0.0
19.080 0.299 0.0
15.467 13.321 0.0
18.870 14.431 0.0
13.820 32.261 0.0
15.901 20.451 0.0
47.918 21.139 0.0
35.388 33.136 0.0
18.604 29.538 0.0
0.717 39.862 0.0
23.643 38.570 0.0
43.208 12.853 0.0
16.229 19.615 0.0
29.918 2.957 0.0
35.467 26.254 0.0
15.379 15.572 0.0
38.296 6.251 0.0
15.981 40.712 0.0
27.769 20.744 0.0
6.351 0.807 0.0
20.919 3.302 0.0
45.527 41.830 0.0
30.533 32.427 0.0
6.968 25.614 0.0
49.071 27.224 0.0
10.554 33.789 0.0
19.708 7.469 0.0
36.557 16.695 0.0
8.988 36.128 0.0
41.320 13.824 0.0
7.983 34.457 0.0
41.847 35.874 0.0
33.959 27.301 0.0
41.850 32.346 0.0
32.569 38.899 0.0
34.937 22.735 0.0
41.375 17.601 0.0
41.550 43.873 0.0
19.094 21.243 0.0
15.052 10.718 0.0
21.382 43.637 0.0
38.905 2.989 0.0
13.222 6.581 0.0
31.295 25.454 0.0
49.979 31.165 0.0
25.725 45.372 0.0
34.080 36.701 0.0
6.141 36.630 0.0
11.926 45.592 0.0
42.939 6.447 0.0
16.107 47.658 0.0
1.885 47.175 0.0
31.316 48.023 0.0
31.380 42.678 0.0
18.425 38.517 0.0
24.781 16.056 0.0
20.140 43.743 0.0
3.578 33.062 0.0
43.328 49.437 0.0
24.085 23.469 0.0
17.725 22.571 0.0
25.003 0.845 0.0
17.997 29.763 0.0
5.750 49.724 0.0
6.380 2.983 0.0
5.746 8.012 0.0
6.037 39.292 0.0
42.976 1.593 0.0
1.101 4.425 0.0
16.132 37.582 0.0
27.948 38.360 0.0
28.357 32.440 0.0
23.695 34.732 0.0
2.209 41.255 0.0
32.109 34.938 0.0
24.846 14.892 0.0
34.172 42.059 0.0
39.616 42.437 0.0
20.412 19.388 0.0
35.268 37.361 0.0
4.747 43.247 0.0
26.797 47.203 0.0
45.104 30.040 0.0
22.600 8.193 0.0
34.320 3.036 0.0
31.033 28.210 0.0
5.985 5.260 0.0
25.754 13.744 0.0
13.771 1.030 0.0
13.280 9.124 0.0
39.520 40.181 0.0
28.087 39.162 0.0
14.930 35.845 0.0
20.278 39.587 0.0
3.998 28.734 0.0
48.352 23.171 0.0
38.573 28.338 0.0
44.915 13.264 0.0
27.330 34.182 0.0
36.343 30.645 0.0
19.288 48.341 0.0
18.317 44.011 0.0
46.575 43.784 0.0
17.932 39.253 0.0
47.574 1.805 0.0
9.650 27.704 0.0
30.817 25.774 0.0
46.745 48.984 0.0
32.014 27.782 0.0
22.097 29.766 0.0
41.482 19.321 0.0
32.190 35.809 0.0
36.884 17.145 0.0
35.999 0.935 0.0
46.691 0.616 0.0
26.079 33.309 0.0
43.036 27.470 0.0
12.628 36.302 0.0
18.769 30.768 0.0
12.547 38.520 0.0
42.420 30.981 0.0
34.577 5.170 0.0
6.495 3.668 0.0
8.524 0.809 0.0
39.095 44.995 0.0
21.228 41.771 0.0
36.196 24.479 0.0
44.462 15.062 0.0
42.063 6.754 0.0
20.299 49.370 0.0
8.304 11.921 0.0
7.553 2.972 0.0
47.806 17.079 0.0
38.923 32.806 0.0
18.448 30.019 0.0
42.167 28.716 0.0
22.852 39.747 0.0
40.246 37.007 0.0
44.712 17.469 0.0
14.736 7.813 0.0
9.238 6.018 0.0
44.025 31.513 0.0
5.141 45.292 0.0
12.803 30.451 0.0
38.216 36.207 0.0
32.191 43.550 0.0
2.105 45.939 0.0
10.473 33.069 0.0
0.049 2.736 0.0
22.865 4.697 0.0
32.619 19.513 0.0
44.984 14.487 0.0
30.254 21.565 0.0
38.793 38.675 0.0
6.226 35.268 0.0
11.631 5.374 0.0
35.149 21.426 0.0
8.690 30.312 0.0
24.536 9.048 0.0
46.765 12.334 0.0
42.040 2.764 0.0
2.452 28.205 0.0
39.031 49.839 0.0
31.096 20.413 0.0
21.913 10.807 0.0
13.730 46.138 0.0
16.230 31.089 0.0
8.027 0.306 0.0
44.979 9.681 0.0
15.830 40.775 0.0
1.826 4.960 0.0
24.242 29.050 0.0
41.920 6.971 0.0
29.423 5.684 0.0
37.882 40.188 0.0
12.280 45.511 0.0
6.194 40.659 0.0
3.036 34.223 0.0
49.703 26.697 0.0
47.314 24.429 0.0
35.242 2.839 0.0
19.807 16.321 0.0
31.472 2.646 0.0
22.874 15.325 0.0
20.959 37.133 0.0
6.473 46.712 0.0
22.260 22.065 0.0
2.721 5.060 0.0
12.269 9.215 0.0
33.074 34.636 0.0
26.513 43.747 0.0
18.626 25.328 0.0
35.167 12.362 0.0
4.350 17.571 0.0
45.608 34.561 0.0
46.247 38.874 0.0
18.069 32.444 0.0
6.294 44.014 0.0
49.586 42.845 0.0
3.864 0.732 0.0
32.833 9.263 0.0
33.862 2.867 0.0
30.671 10.054 0.0
31.175 3.260 0.0
24.290 43.668 0.0
38.292 39.453 0.0
42.655 1.308 0.0
17.884 26.276 0.0
13.648 12.341 0.0
45.026 10.708 0.0
42.776 48.027 0.0
14.325 26.072 0.0
23.607 14.687 0.0
5.702 44.594 0.0
15.174 8.303 0.0
18.816 9.601 0.0
35.558 38.727 0.0
10.192 31.260 0.0
17.527 13.168 0.0
49.005 2.623 0.0
1.693 45.420 0.0
47.174 35.991 0.0
4.983 29.445 0.0
16.909 33.101 0.0
47.394 33.317 0.0
14.203 36.503 0.0
47.970 32.313 0.0
39.880 13.641 0.0
11.747 7.969 0.0
40.754 49.594 0.0
22.998 43.288 0.0
32.232 19.249 0.0
36.533 43.004 0.0
0.236 24.712 0.0
18.052 1.743 0.0
34.746 19.217 0.0
26.548 32.279 0.0
49.420 44.470 0.0
6.677 0.672 0.0
1.783 34.403 0.0
16.602 45.026 0.0
46.294 34.652 0.0
7.359 29.828 0.0
28.232 3.718 0.0
43.053 8.410 0.0
9.788 48.741 0.0
7.293 31.921 0.0
11.018 6.085 0.0
30.219 4.403 0.0
47.370 4.518 0.0
42.157 40.029 0.0
2.401 46.683 0.0
14.532 30.400 0.0
38.979 12.760 0.0
35.979 26.891 0.0
24.787 28.741 0.0
41.774 35.481 0.0
28.269 0.588 0.0
17.705 9.244 0.0
29.278 44.692 0.0
35.249 6.736 0.0
34.652 44.499 0.0
43.572 12.871 0.0
42.693 32.969 0.0
45.252 42.577 0.0
12.100 40.609 0.0
16.875 16.514 0.0
10.282 9.215 0.0
2.671 12.426 0.0
43.200 2.177 0.0
9.247 5.336 0.0
3.858 43.235 0.0
12.089 14.727 0.0
19.426 36.906 0.0
0.043 27.072 0.0
27.580 15.433 0.0
32.224 7.666 0.0
21.110 19.106 0.0
12.931 6.551 0.0
16.105 49.059 0.0
4.071 49.531 0.0
23.085 34.220 0.0
41.289 36.748 0.0
32.347 27.038 0.0
49.585 48.119 0.0
14.485 35.771 0.0
16.517 27.025 0.0
34.555 14.674 0.0
26.271 31.105 0.0
33.667 17.271 0.0
35.863 1.729 0.0
44.950 22.014 0.0
35.515 11.789 0.0
31.738 14.123 0.0
28.858 4.818 0.0
14.639 2.171 0.0
45.028 37.131 0.0
40.664 13.052 0.0
3.965 28.662 0.0
42.036 44.385 0.0
48.231 17.496 0.0
34.438 9.118 0.0
29.555 47.702 0.0
14.520 33.113 0.0
45.958 0.011 0.0
34.275 12.840 0.0
15.791 0.117 0.0
5.542 6.947 0.0
48.311 9.957 0.0
21.329 22.466 0.0
26.536 23.169 0.0
21.934 13.630 0.0
7.014 47.117 0.0
32.883 38.943 0.0
12.885 10.393 0.0
8.613 19.976 0.0
1.148 36.465 0.0
30.512 13.612 0.0
22.416 21.290 0.0
30.441 47.983 0.0
11.574 45.152 0.0
41.188 31.172 0.0
0.770 36.687 0.0
13.438 20.908 0.0
31.937 40.167 0.0
34.789 42.951 0.0
14.655 15.436 0.0
40.094 15.620 0.0
26.576 23.606 0.0
14.015 28.032 0.0
37.875 20.604 0.0
6.000 30.000 0.0
8.202 44.955 0.0
5.167 22.255 0.0
4.499 45.833 0.0
7.518 36.689 0.0
20.692 2.312 0.0
0.773 17.650 0.0
45.745 35.020 0.0
42.735 6.965 0.0
24.860 6.943 0.0
17.538 47.338 0.0
39.714 0.987 0.0
20.404 1.044 0.0
47.535 48.110 0.0
45.591 33.424 0.0
15.543 11.307 0.0
34.116 33.587 0.0
16.829 7.558 0.0
27.512 37.945 0.0
16.105 21.947 0.0
21.421 35.717 0.0
18.910 35.606 0.0
18.106 19.395 0.0
35.841 1.893 0.0
40.135 47.308 0.0
24.171 13.225 0.0
38.415 9.866 0.0
12.829 4.423 0.0
6.537 35.872 0.0
43.105 37.040 0.0
49.925 40.357 0.0
16.702 3.187 0.0
2.716 0.794 0.0
34.778 26.658 0.0
37.461 4.275 0.0
36.494 23.763 0.0
22.757 34.235 0.0
3.216 16.244 0.0
1.743 11.679 0.0
35.045 13.852 0.0
40.029 22.477 0.0
29.589 4.750 0.0
25.073 49.299 0.0
49.043 7.771 0.0
40.273 33.998 0.0
0.516 1.718 0.0
36.134 23.868 0.0
26.308 3.423 0.0
27.728 3.076 0.0
5.358 18.068 0.0
12.381 28.814 0.0
4.438 32.382 0.0
24.030 30.201 0.0
37.858 13.789 0.0
20.996 36.845 0.0
47.391 16.287 0.0
42.091 33.091 0.0
49.950 26.941 0.0
11.880 33.464 0.0
19.125 15.187 0.0
29.706 44.592 0.0
18.126 20.886 0.0
38.669 18.960 0.0
35.892 36.008 0.0
40.091 16.272 0.0
45.181 49.163 0.0
46.245 18.908 0.0
1.285 31.813 0.0
49.105 48.962 0.0
32.713 49.914 0.0
25.711 5.721 0.0
40.637 35.004 0.0
1.361 34.073 0.0
22.201 44.286 0.0
0.322 46.294 0.0
13.885 30.148 0.0
29.964 1.954 0.0
15.048 25.718 0.0
18.339 3.265 0.0
48.488 34.576 0.0
7.093 36.076 0.0
44.405 39.519 0.0
41.277 29.961 0.0
46.507 17.425 0.0
45.173 24.356 0.0
34.156 14.667 0.0
28.540 11.537 0.0
32.450 0.292 0.0
30.834 31.387 0.0
42.896 22.229 0.0
31.904 17.366 0.0
20.975 45.153 0.0
36.414 37.865 0.0
3.263 47.325 0.0
25.835 42.213 0.0
46.064 47.719 0.0
16.209 6.021 0.0
29.478 24.043 0.0
12.109 26.235 0.0
5.762 16.897 0.0
7.210 42.324 0.0
28.432 45.229 0.0
49.719 6.339 0.0
39.086 33.505 0.0
16.549 41.255 0.0
12.191 21.551 0.0
23.546 13.947 0.0
14.198 43.919 0.0
40.383 6.446 0.0
22.245 26.770 0.0
27.757 46.699 0.0
19.459 6.815 0.0
21.438 7.957 0.0
38.385 28.611 0.0
2.426 4.136 0.0
11.451 23.659 0.0
14.941 47.004 0.0
7.521 17.171 0.0
24.344 39.909 0.0
36.573 46.123 0.0
45.174 11.897 0.0
40.334 5.256 0.0
15.486 45.530 0.0
5.314 16.078 0.0
47.364 21.506 0.0
36.074 37.574 0.0
45.136 43.242 0.0
10.811 6.345 0.0
2.142 15.027 0.0
8.388 8.200 0.0
14.120 28.006 0.0
45.770 42.844 0.0
32.308 9.340 0.0
47.509 48.218 0.0
22.140 11.175 0.0
34.390 1.333 0.0
44.100 7.749 0.0
16.664 7.953 0.0
31.681 30.879 0.0
8.349 34.375 0.0
7.731 6.399 0.0
43.058 20.728 0.0
4.466 6.662 0.0
18.487 46.717 0.0
34.384 7.146 0.0
26.275 47.526 0.0
48.939 28.414 0.0
36.273 49.732 0.0
19.423 8.183 0.0
49.455 14.503 0.0
29.748 32.135 0.0
11.653 38.097 0.0
34.021 6.200 0.0
41.101 17.747 0.0
2.708 27.566 0.0
16.395 44.364 0.0
9.954 6.376 0.0
47.852 32.202 0.0
1.224 5.235 0.0
14.519 39.591 0.0
24.764 48.982 0.0
41.099 24.175 0.0
12.636 12.946 0.0
13.922 10.702 0.0
7.040 23.898 0.0
42.767 29.335 0.0
45.487 4.264 0.0
15.792 7.727 0.0
44.029 6.817 0.0
18.145 20.617 0.0
1.160 24.015 0.0
40.926 16.607 0.0
36.312 13.438 0.0
46.080 2.955 0.0
25.894 8.366 0.0
24.534 25.698 0.0
6.759 30.431 0.0
39.426 34.242 0.0
31.623 39.500 0.0
33.649 16.672 0.0
33.513 44.462 0.0
1.063 34.451 0.0
36.640 7.437 0.0
23.736 22.954 0.0
39.196 3.071 0.0
13.363 7.305 0.0
39.553 44.043 0.0
13.596 11.369 0.0
31.100 3.693 0.0
21.448 11.443 0.0
2.499 6.755 0.0
20.181 5.162 0.0
49.562 19.600 0.0
33.078 30.462 0.0
32.116 2.072 0.0
7.411 29.054 0.0
44.261 34.073 0.0
20.542 3.779 0.0
9.225 1.344 0.0
15.592 19.501 0.0
10.666 16.571 0.0
22.392 42.699 0.0
30.720 13.900 0.0
0.551 5.818 0.0
31.350 37.203 0.0
5.368 18.632 0.0
39.621 45.058 0.0
24.071 30.325 0.0
29.414 28.280 0.0
9.376 22.848 0.0
31.791 29.050 0.0
49.744 38.196 0.0
3.730 14.250 0.0
10.858 9.699 0.0
40.270 39.401 0.0
10.829 30.159 0.0
28.241 43.788 0.0
2.425 47.718 0.0
10.715 41.809 0.0
29.234 33.720 0.0
10.038 20.344 0.0
49.076 15.505 0.0
43.928 17.058 0.0
27.203 11.067 0.0
13.450 39.929 0.0
43.885 41.821 0.0
43.932 44.004 0.0
35.824 34.331 0.0
19.856 7.438 0.0
48.485 1.801 0.0
22.588 45.172 0.0
16.959 21.354 0.0
5.470 15.285 0.0
16.210 43.698 0.0
24.213 10.009 0.0
27.693 37.638 0.0
31.801 30.656 0.0
8.250 33.074 0.0
46.199 23.328 0.0
18.895 32.631 0.0
6.030 0.148 0.0
25.660 13.852 0.0
44.081 38.977 0.0
22.020 41.026 0.0
31.027 43.110 0.0
42.584 48.146 0.0
22.056 1.282 0.0
40.718 42.223 0.0
27.236 17.447 0.0
38.542 9.275 0.0
22.411 29.296 0.0
26.383 33.626 0.0
21.145 4.198 0.0
40.130 14.887 0.0
39.850 41.399 0.0
29.221 35.940 0.0
7.580 19.662 0.0
44.986 49.589 0.0
49.187 10.277 0.0
28.953 11.125 0.0
5.549 26.374 0.0
13.379 39.022 0.0
47.387 0.834 0.0
11.746 36.185 0.0
39.845 26.708 0.0
25.260 49.771 0.0
23.426 6.063 0.0
22.478 38.433 0.0
43.163 35.401 0.0
13.137 2.040 0.0
31.961 8.425 0.0
33.936 10.425 0.0
35.933 39.796 0.0
43.626 44.497 0.0
9.261 6.767 0.0
37.052 35.201 0.0
3.603 19.073 0.0
33.019 3.209 0.0
32.405 11.324 0.0
18.774 15.011 0.0
3.610 6.277 0.0
44.735 29.077 0.0
35.197 21.839 0.0
6.677 9.191 0.0
46.745 39.420 0.0
28.993 30.687 0.0
6.795 16.348 0.0
21.914 49.344 0.0
10.158 10.453 0.0
27.562 41.992 0.0
11.521 40.655 0.0
44.610 12.498 0.0
1.716 33.388 0.0
28.952 36.738 0.0
30.824 1.058 0.0
8.299 45.401 0.0
7.945 15.372 0.0
21.873 14.040 0.0
40.885 25.336 0.0
2.506 45.621 0.0
20.292 26.991 0.0
7.338 42.048 0.0
1.834 19.566 0.0
25.073 17.606 0.0
46.908 30.596 0.0
42.243 9.074 0.0
47.047 10.789 0.0
38.340 34.385 0.0
29.716 37.946 0.0
49.792 44.145 0.0
23.520 28.068 0.0
45.771 48.054 0.0
48.950 30.946 0.0
44.602 31.348 0.0
46.775 36.983 0.0
18.130 4.724 0.0
9.926 41.781 0.0
32.852 4.919 0.0
46.292 5.100 0.0
10.813 32.091 0.0
19.251 1.224 0.0
10.326 24.463 0.0
39.927 38.443 0.0
26.435 30.298 0.0
20.200 26.419 0.0
43.688 42.239 0.0
38.306 41.527 0.0
39.272 9.239 0.0
19.496 31.913 0.0
32.867 36.912 0.0
42.674 15.973 0.0
10.658 27.982 0.0
0.209 10.243 0.0
14.873 0.683 0.0
12.152 25.255 0.0
36.944 4.475 0.0
28.011 40.851 0.0
31.920 29.232 0.0
38.911 15.611 0.0
34.121 26.188 0.0
20.495 48.630 0.0
49.195 26.356 0.0
32.213 45.667 0.0
25.698 4.866 0.0
11.818 45.881 0.0
20.128 47.751 0.0
24.812 39.800 0.0
12.947 31.053 0.0
7.351 3.970 0.0
9.513 20.820 0.0
27.684 42.791 0.0
19.118 46.550 0.0
35.603 13.483 0.0
47.332 39.945 0.0
21.561 15.798 0.0
11.714 15.470 0.0
17.122 4.155 0.0
48.640 49.121 0.0
36.257 26.192 0.0
19.439 37.066 0.0
32.599 8.376 0.0
47.351 36.383 0.0
31.243 46.301 0.0
22.913 5.972 0.0
34.921 14.549 0.0
4.282 26.916 0.0
3.470 38.588 0.0
10.762 38.047 0.0
12.377 19.100 0.0
12.311 24.289 0.0
10.899 17.309 0.0
5.180 42.470 0.0
22.756 48.429 0.0
33.995 11.707 0.0
12.720 39.197 0.0
23.566 33.252 0.0
30.561 34.575 0.0
19.503 37.699 0.0
39.746 38.199 0.0
5.333 35.841 0.0
42.068 40.911 0.0
15.205 23.170 0.0
20.937 31.809 0.0
45.507 6.959 0.0
45.449 46.633 0.0
35.790 39.212 0.0
4.559 39.043 0.0
39.187 48.369 0.0
25.692 11.345 0.0
35.243 17.594 0.0
24.926 12.582 0.0
3.505 7.702 0.0
36.550 3.531 0.0
24.545 18.357 0.0
28.223 0.140 0.0
6.158 22.034 0.0
24.225 39.190 0.0
46.440 41.410 0.0
33.373 12.570 0.0
42.123 22.364 0.0
10.041 39.439 0.0
30.132 31.552 0.0
16.438 38.781 0.0
12.665 29.656 0.0
1.809 28.363 0.0
11.247 38.833 0.0
19.513 9.970 0.0
23.227 35.622 0.0
16.126 4.903 0.0
14.928 8.664 0.0
47.602 28.237 0.0
29.311 23.891 0.0
6.328 35.071 0.0
12.401 38.597 0.0
29.459 37.104 0.0
21.948 49.743 0.0
3.322 23.286 0.0
23.876 1.178 0.0
30.846 23.979 0.0
6.861 9.072 0.0
39.026 34.110 0.0
3.124 44.799 0.0
21.208 7.120 0.0
43.922 39.727 0.0
34.649 48.184 0.0
1.587 46.958 0.0
7.237 22.114 0.0
26.003 10.913 0.0
48.525 48.648 0.0
22.371 6.837 0.0
9.291 35.426 0.0
38.823 18.808 0.0
40.741 46.825 0.0
36.975 26.620 0.0
19.153 25.059 0.0
5.898 19.055 0.0
24.273 18.482 0.0
0.107 43.457 0.0
40.107 30.846 0.0
35.185 39.304 0.0
34.868 34.432 0.0
10.433 36.496 0.0
22.807 39.438 0.0
46.530 27.464 0.0
14.392 31.774 0.0
27.627 45.893 0.0
22.907 31.503 0.0
21.517 3.820 0.0
14.871 34.574 0.0
18.548 3.208 0.0
18.946 31.199 0.0
29.827 47.691 0.0
42.951 45.255 0.0
17.919 35.118 0.0
41.448 10.432 0.0
48.697 11.794 0.0
27.011 40.492 0.0
1.351 14.838 0.0
26.715 12.968 0.0
4.589 19.966 0.0
1.644 17.917 0.0
31.056 48.189 0.0
21.311 25.915 0.0
28.667 16.412 0.0
16.739 2.394 0.0
47.116 43.704 0.0
25.675 38.624 0.0
30.189 47.160 0.0
40.892 33.177 0.0
39.641 28.700 0.0
27.883 41.547 0.0
4.406 16.856 0.0
41.369 15.734 0.0
49.688 35.731 0.0
40.995 30.095 0.0
4.078 26.593 0.0
35.348 34.513 0.0
9.275 46.327 0.0
20.000 41.024 0.0
16.203 10.916 0.0
19.671 35.465 0.0
43.354 41.435 0.0
46.803 11.397 0.0
48.067 4.685 0.0
48.826 49.584 0.0
19.081 20.487 0.0
34.258 12.662 0.0
39.208 32.945 0.0
43.384 41.272 0.0
40.254 13.494 0.0
12.704 24.880 0.0
28.405 29.474 0.0
23.636 27.819 0.0
47.250 23.090 0.0
24.988 28.640 0.0
17.283 2.176 0.0
25.627 28.771 0.0
45.329 45.934 0.0
18.458 4.713 0.0
34.646 25.974 0.0
19.340 16.492 0.0
46.643 35.392 0.0
34.889 43.967 0.0
18.132 6.379 0.0
11.242 1.700 0.0
23.812 29.904 0.0
11.828 32.595 0.0
42.297 19.388 0.0
25.918 0.266 0.0
35.415 33.957 0.0
21.333 40.185 0.0
34.725 45.879 0.0
24.037 40.072 0.0
46.249 1.068 0.0
34.584 0.685 0.0
34.268 31.173 0.0
26.347 29.211 0.0
27.696 30.711 0.0
13.331 38.785 0.0
8.015 12.917 0.0
25.955 19.316 0.0
36.072 3.579 0.0
41.680 6.767 0.0
6.100 22.959 0.0
33.597 10.312 0.0
29.292 42.108 0.0
24.161 9.362 0.0
45.936 31.373 0.0
13.143 5.385 0.0
44.702 45.676 0.0
38.588 6.638 0.0
29.989 13.311 0.0
27.042 37.439 0.0
23.443 12.388 0.0
44.661 47.488 0.0
13.693 31.828 0.0
23.952 0.851 0.0
29.189 21.864 0.0
11.802 48.719 0.0
2.594 42.356 0.0
13.278 34.801 0.0
21.608 15.940 0.0
42.191 47.318 0.0
20.345 36.990 0.0
33.834 16.965 0.0
7.404 26.705 0.0
27.496 15.901 0.0
1.637 9.247 0.0
36.367 38.873 0.0
4.292 13.772 0.0
40.249 43.915 0.0
26.673 32.462 0.0
12.166 46.702 0.0
15.753 35.213 0.0
23.363 49.608 0.0
26.292 7.490 0.0
12.482 43.807 0.0
26.917 39.071 0.0
3.762 0.312 0.0
49.336 47.869 0.0
15.983 13.779 0.0
44.443 24.842 0.0
18.598 31.094 0.0
46.365 33.117 0.0
13.977 35.308 0.0
15.723 36.877 0.0
5.033 14.288 0.0
36.322 23.327 0.0
45.623 22.652 0.0
25.283 14.081 0.0
17.063 44.966 0.0
35.253 40.711 0.0
27.862 37.996 0.0
28.717 32.851 0.0
45.358 19.881 0.0
38.678 36.276 0.0
37.290 34.487 0.0
47.021 42.650 0.0
28.601 49.925 0.0
11.711 22.283 0.0
13.700 1.242 0.0
6.657 6.144 0.0
7.298 8.625 0.0
3.543 13.654 0.0
17.528 44.108 0.0
23.225 18.299 0.0
33.529 31.745 0.0
15.384 34.002 0.0
35.913 48.476 0.0
39.071 41.374 0.0
12.631 45.506 0.0
13.456 4.429 0.0
44.613 32.922 0.0
37.699 5.203 0.0
15.279 13.473 0.0
41.154 45.777 0.0
45.501 14.980 0.0
20.326 34.697 0.0
10.947 4.658 0.0
46.963 37.478 0.0
11.854 22.822 0.0
42.443 28.966 0.0
36.219 47.855 0.0
7.250 38.684 0.0
36.183 49.149 0.0
20.724 28.986 0.0
23.930 49.774 0.0
35.506 39.821 0.0
37.812 6.064 0.0
33.143 23.220 0.0
31.623 16.989 0.0
32.169 25.253 0.0
49.942 2.236 0.0
47.644 3.106 0.0
20.281 34.251 0.0
41.608 40.204 0.0
18.430 26.124 0.0
27.213 42.831 0.0
46.820 14.206 0.0
45.376 17.604 0.0
6.992 31.568 0.0
21.722 40.296 0.0
46.325 46.052 0.0
33.341 33.036 0.0
16.081 34.525 0.0
19.365 18.701 0.0
42.493 33.177 0.0
6.787 18.430 0.0
35.151 42.240 0.0
43.071 0.646 0.0
37.269 22.311 0.0
30.088 27.679 0.0
10.528 48.649 0.0
39.721 29.178 0.0
43.151 39.247 0.0
10.059 9.840 0.0
23.638 42.288 0.0
22.535 22.684 0.0
34.131 8.646 0.0
44.589 8.081 0.0
36.793 35.519 0.0
39.470 13.060 0.0
3.764 47.992 0.0
44.649 15.042 0.0
26.277 36.336 0.0
2.989 29.055 0.0
31.329 38.211 0.0
46.280 27.770 0.0
34.952 46.564 0.0
29.052 49.210 0.0
19.560 36.010 0.0
41.674 7.892 0.0
39.116 32.721 0.0
45.672 11.311 0.0
29.936 5.470 0.0
20.921 15.198 0.0
36.831 28.350 0.0
43.897 27.762 0.0
3.984 8.928 0.0
28.560 45.282 0.0
27.461 39.091 0.0
6.565 18.796 0.0
21.599 9.698 0.0
1.507 14.430 0.0
14.626 34.300 0.0
12.686 37.937 0.0
9.828 1.649 0.0
17.475 47.386 0.0
27.325 21.487 0.0
27.801 26.632 0.0
28.122 43.210 0.0
45.481 36.194 0.0
16.430 12.382 0.0
3.167 47.456 0.0
18.516 35.811 0.0
2.552 0.754 0.0
46.292 1.895 0.0
19.123 7.815 0.0
21.714 49.315 0.0
33.220 44.274 0.0
13.681 43.778 0.0
20.494 48.556 0.0
22.565 9.483 0.0
40.908 9.264 0.0
38.788 19.273 0.0
4.370 34.401 0.0
0.897 24.995 0.0
12.823 2.260 0.0
35.514 7.524 0.0
33.123 45.610 0.0
26.195 44.085 0.0
42.438 17.917 0.0
30.775 29.064 0.0
8.014 32.803 0.0
47.084 43.315 0.0
16.180 5.650 0.0
15.042 46.137 0.0
1.230 9.340 0.0
39.116 13.534 0.0
43.415 34.488 0.0
18.856 16.177 0.0
6.724 18.183 0.0
36.815 20.557 0.0
21.337 24.295 0.0
22.533 7.205 0.0
32.680 22.646 0.0
38.473 30.612 0.0
38.866 24.031 0.0
18.791 46.448 0.0
20.982 32.953 0.0
34.664 3.078 0.0
36.142 30.210 0.0
10.519 35.966 0.0
41.527 43.020 0.0
23.956 15.570 0.0
48.741 1.231 0.0
38.429 31.574 0.0
21.726 14.366 0.0
41.802 48.900 0.0
28.186 35.725 0.0
45.802 43.853 0.0
34.061 6.576 0.0
41.074 21.953 0.0
42.877 45.608 0.0
0.059 32.530 0.0
27.038 16.222 0.0
25.233 29.023 0.0
26.032 16.987 0.0
3.391 28.027 0.0
47.387 48.670 0.0
47.594 44.647 0.0
49.741 14.579 0.0
37.165 26.458 0.0
13.873 9.666 0.0
2.684 23.466 0.0
16.732 47.827 0.0
47.338 16.874 0.0
15.548 16.133 0.0
48.143 35.166 0.0
23.966 29.359 0.0
40.603 12.032 0.0
19.822 38.090 0.0
8.169 37.031 0.0
14.633 18.961 0.0
23.498 16.489 0.0
38.182 46.095 0.0
21.973 49.148 0.0
47.683 8.727 0.0
29.192 28.303 0.0
9.919 1.140 0.0
13.210 9.800 0.0
26.472 17.554 0.0
39.198 33.131 0.0
26.724 36.413 0.0
18.893 1.094 0.0
40.632 25.636 0.0
19.712 12.017 0.0
33.481 42.819 0.0
28.725 47.354 0.0
37.763 42.134 0.0
4.825 46.654 0.0
3.141 32.709 0.0
48.366 1.324 0.0
4.063 11.675 0.0
21.325 18.412 0.0
45.994 18.697 0.0
12.580 45.718 0.0
45.468 27.853 0.0
12.319 9.921 0.0
26.215 7.000 0.0
36.762 0.159 0.0
23.437 34.386 0.0
29.402 30.493 0.0
21.031 17.215 0.0
7.803 36.036 0.0
11.961 7.104 0.0
25.593 49.184 0.0
20.350 2.930 0.0
27.784 14.336 0.0
4.902 22.427 0.0
43.773 31.775 0.0
27.217 10.102 0.0
36.466 23.970 0.0
15.278 30.489 0.0
7.852 40.454 0.0
31.937 22.609 0.0
1.056 10.646 0.0
20.567 13.593 0.0
36.381 17.516 0.0
45.227 6.883 0.0
24.227 48.826 0.0
20.662 23.136 0.0
10.844 36.833 0.0
38.242 30.052 0.0
33.870 21.797 0.0
37.560 0.686 0.0
43.358 19.416 0.0
49.824 38.494 0.0
30.541 37.408 0.0
48.389 1.369 0.0
1.004 21.835 0.0
33.840 46.217 0.0
31.105 19.504 0.0
5.881 0.231 0.0
6.511 18.797 0.0
31.938 44.994 0.0
9.526 27.596 0.0
12.887 24.733 0.0
47.532 13.673 0.0
19.592 10.643 0.0
48.302 19.811 0.0
30.037 19.054 0.0
39.223 23.255 0.0
35.781 42.387 0.0
26.505 36.653 0.0
8.147 8.361 0.0
47.371 45.535 0.0
19.150 34.698 0.0
32.911 45.629 0.0
49.474 43.704 0.0
41.771 31.799 0.0
36.008 43.538 0.0
5.201 49.257 0.0
14.418 20.708 0.0
12.108 46.823 0.0
48.014 21.419 0.0
8.694 21.514 0.0
2.786 27.728 0.0
41.049 13.454 0.0
29.905 8.189 0.0
30.606 0.258 0.0
1.192 41.619 0.0
41.782 0.378 0.0
10.115 26.959 0.0
28.300 25.658 0.0
0.729 1.799 0.0
29.720 24.348 0.0
19.631 47.087 0.0
32.506 27.171 0.0
1.483 5.761 0.0
10.611 0.678 0.0
46.951 38.634 0.0
18.995 24.117 0.0
33.012 31.696 0.0
29.764 38.275 0.0
9.484 5.202 0.0
24.672 17.377 0.0
32.386 6.403 0.0
39.631 38.013 0.0
14.249 44.573 0.0
46.568 12.260 0.0
33.879 49.132 0.0
5.459 15.730 0.0
43.219 49.055 0.0
24.720 25.073 0.0
36.935 34.545 0.0
31.252 33.637 0.0
11.173 19.965 0.0
22.390 38.445 0.0
31.486 30.437 0.0
0.759 36.429 0.0
6.394 33.141 0.0
29.628 32.929 0.0
22.244 28.402 0.0
40.720 0.895 0.0
37.073 4.915 0.0
28.639 34.927 0.0
6.058 48.092 0.0
26.096 20.298 0.0
18.768 20.457 0.0
21.924 33.484 0.0
18.937 8.241 0.0
9.505 7.332 0.0
0.768 48.895 0.0
36.698 30.981 0.0
31.846 20.115 0.0
19.597 11.938 0.0
41.721 32.135 0.0
31.531 5.265 0.0
36.871 21.560 0.0
35.593 12.766 0.0
7.366 46.798 0.0
43.707 23.265 0.0
27.861 32.294 0.0
7.707 3.575 0.0
25.731 1.169 0.0
28.278 8.627 0.0
42.142 23.632 0.0
5.695 8.356 0.0
47.636 41.597 0.0
2.279 28.401 0.0
42.407 8.280 0.0
40.233 21.477 0.0
22.876 5.246 0.0
20.085 26.332 0.0
30.388 18.390 0.0
14.375 31.628 0.0
14.902 18.603 0.0
18.392 42.785 0.0
46.399 2.521 0.0
24.799 0.857 0.0
39.385 3.685 0.0
31.793 23.843 0.0
21.373 34.672 0.0
45.083 32.492 0.0
24.488 16.323 0.0
42.427 34.623 0.0
10.467 41.061 0.0
35.718 24.239 0.0
3.220 3.470 0.0
39.676 4.345 0.0
49.866 12.806 0.0
38.110 15.227 0.0
10.698 28.921 0.0
28.388 43.194 0.0
40.857 35.175 0.0
22.273 48.317 0.0
21.702 29.384 0.0
36.607 33.506 0.0
27.807 26.562 0.0
20.455 31.443 0.0
26.335 25.284 0.0
36.274 10.340 0.0
49.113 42.868 0.0
41.419 44.278 0.0
4.176 23.252 0.0
2.892 8.945 0.0
2.759 15.438 0.0
22.602 49.026 0.0
19.757 9.681 0.0
2.617 19.184 0.0
30.551 3.220 0.0
39.889 26.609 0.0
24.715 47.280 0.0
7.764 49.443 0.0
37.655 2.317 0.0
7.214 22.055 0.0
14.481 49.036 0.0
4.190 15.069 0.0
26.526 18.585 0.0
10.727 45.372 0.0
49.857 16.496 0.0
16.548 28.870 0.0
36.832 21.456 0.0
34.746 36.691 0.0
16.313 41.788 0.0
39.872 33.728 0.0
45.482 9.636 0.0
49.225 16.969 0.0
6.391 35.292 0.0
28.484 29.846 0.0
43.348 31.844 0.0
40.962 8.052 0.0
23.026 3.367 0.0
5.683 11.684 0.0
17.792 18.270 0.0
33.275 18.369 0.0
14.175 13.071 0.0
20.215 42.120 0.0
32.597 40.895 0.0
1.373 3.060 0.0
11.574 43.259 0.0
37.976 3.866 0.0
9.394 33.358 0.0
3.143 19.822 0.0
8.996 33.994 0.0
19.943 30.688 0.0
27.210 13.510 0.0
7.589 14.262 0.0
27.848 8.680 0.0
49.801 33.464 0.0
19.206 14.350 0.0
15.645 31.045 0.0
30.468 5.825 0.0
37.243 48.623 0.0
8.241 41.475 0.0
30.583 9.631 0.0
3.966 19.853 0.0
35.426 48.999 0.0
35.334 37.730 0.0
47.751 35.884 0.0
49.969 12.883 0.0
23.546 19.643 0.0
47.648 48.218 0.0
45.866 33.345 0.0
28.107 21.878 0.0
18.028 13.629 0.0
25.076 41.322 0.0
24.586 40.456 0.0
13.616 48.091 0.0
38.285 15.400 0.0
37.059 3.921 0.0
45.585 32.535 0.0
41.880 28.212 0.0
15.545 1.677 0.0
33.703 41.450 0.0
46.865 9.765 0.0
25.285 49.132 0.0
45.703 2.497 0.0
37.829 25.975 0.0
12.526 35.020 0.0
40.234 30.747 0.0
49.691 27.385 0.0
17.036 47.946 0.0
42.723 17.792 0.0
44.661 13.700 0.0
17.327 34.232 0.0
27.386 39.791 0.0
31.036 3.013 0.0
48.911 1.490 0.0
23.136 30.895 0.0
32.815 2.015 0.0
18.974 36.071 0.0
25.332 18.856 0.0
15.104 12.068 0.0
16.865 24.967 0.0
9.856 37.799 0.0
4.428 10.845 0.0
39.854 46.461 0.0
15.847 11.944 0.0
36.773 35.729 0.0
17.925 19.488 0.0
30.207 41.827 0.0
15.030 21.794 0.0
41.875 10.400 0.0
11.608 37.494 0.0
43.627 27.878 0.0
11.955 11.672 0.0
36.701 28.013 0.0
13.272 0.867 0.0
2.496 9.619 0.0
13.490 23.131 0.0
25.785 43.209 0.0
3.645 44.883 0.0
49.722 6.152 0.0
45.706 17.199 0.0
38.256 18.285 0.0
0.628 10.309 0.0
45.648 2.484 0.0
18.198 26.613 0.0
24.665 17.601 0.0
29.712 49.310 0.0
44.725 4.378 0.0
46.935 5.862 0.0
38.765 48.503 0.0
15.916 42.936 0.0
2.954 48.777 0.0
2.245 22.227 0.0
36.469 32.525 0.0
45.101 4.611 0.0
29.542 34.862 0.0
11.052 43.449 0.0
36.707 3.170 0.0
5.014 6.541 0.0
8.775 3.261 0.0
4.937 40.227 0.0
1.429 39.067 0.0
28.907 28.448 0.0
30.565 3.459 0.0
18.148 34.172 0.0
4.448 3.765 0.0
27.089 40.552 0.0
30.662 1.945 0.0
2.162 34.410 0.0
21.381 25.995 0.0
4.256 45.203 0.0
4.000 46.141 0.0
35.875 18.487 0.0
35.394 16.646 0.0
22.960 14.098 0.0
17.147 11.637 0.0
23.055 25.736 0.0
15.989 31.276 0.0
36.058 20.469 0.0
8.360 22.792 0.0
31.130 43.774 0.0
40.553 49.433 0.0
23.503 28.181 0.0
26.187 49.224 0.0
37.938 31.303 0.0
40.899 4.573 0.0
31.316 12.142 0.0
20.123 43.229 0.0
15.518 32.857 0.0
19.522 10.871 0.0
23.102 46.940 0.0
9.281 45.684 0.0
42.561 3.678 0.0
42.800 45.714 0.0
16.959 13.122 0.0
17.553 0.448 0.0
49.610 25.382 0.0
30.871 9.157 0.0
43.125 33.028 0.0
26.249 29.822 0.0
13.624 5.569 0.0
26.395 44.143 0.0
20.224 10.603 0.0
7.683 36.097 0.0
30.988 17.050 0.0
36.956 13.761 0.0
10.454 12.082 0.0
15.674 6.729 0.0
10.593 44.858 0.0
8.295 44.347 0.0
26.574 36.980 0.0
21.466 13.182 0.0
41.074 21.693 0.0
48.139 5.706 0.0
26.043 41.297 0.0
46.006 5.975 0.0
48.803 44.982 0.0
32.819 12.251 0.0
40.153 37.341 0.0
2.090 20.986 0.0
25.759 31.206 0.0
41.425 41.340 0.0
48.522 7.104 0.0
22.334 24.521 0.0
18.850 25.664 0.0
24.715 27.605 0.0
21.785 28.576 0.0
11.451 37.229 0.0
34.813 48.334 0.0
28.509 4.571 0.0
17.839 26.946 0.0
23.820 39.362 0.0
27.273 19.000 0.0
3.790 27.332 0.0
29.503 25.073 0.0
29.799 22.448 0.0
45.083 17.304 0.0
48.242 22.592 0.0
43.932 30.159 0.0
46.798 14.897 0.0
33.524 45.893 0.0
36.454 24.860 0.0
36.632 6.032 0.0
23.541 21.597 0.0
42.488 27.314 0.0
8.508 20.070 0.0
35.456 42.952 0.0
28.537 30.020 0.0
8.229 27.839 0.0
49.184 30.436 0.0
2.393 49.363 0.0
6.208 47.890 0.0
37.793 13.867 0.0
2.513 36.819 0.0
43.537 2.488 0.0
26.665 49.947 0.0
37.732 9.071 0.0
28.892 47.402 0.0
20.062 7.200 0.0
17.597 23.852 0.0
41.182 32.966 0.0
24.497 33.950 0.0
45.569 25.069 0.0
29.263 17.760 0.0
49.940 14.044 0.0
35.219 19.462 0.0
17.656 48.007 0.0
46.058 4.612 0.0
20.611 33.153 0.0
9.848 13.490 0.0
44.049 3.422 0.0
20.618 40.682 0.0
36.445 15.279 0.0
49.733 3.918 0.0
36.167 40.293 0.0
18.964 8.413 0.0
18.958 0.399 0.0
24.641 26.490 0.0
5.453 8.087 0.0
27.639 46.083 0.0
45.940 36.559 0.0
37.047 45.882 0.0
10.332 2.921 0.0
36.332 29.351 0.0
4.954 0.855 0.0
29.580 44.596 0.0
14.149 17.900 0.0
21.947 32.200 0.0
23.924 16.471 0.0
42.847 28.472 0.0
26.935 47.024 0.0
22.616 7.342 0.0
32.914 46.441 0.0
43.367 20.108 0.0
16.351 4.592 0.0
2.614 38.599 0.0
23.699 7.303 0.0
3.839 23.973 0.0
35.663 34.520 0.0
21.659 30.317 0.0
36.242 8.299 0.0
30.473 9.505 0.0
29.109 46.472 0.0
34.578 11.349 0.0
13.649 34.297 0.0
44.604 20.984 0.0
37.488 28.233 0.0
9.811 43.637 0.0
29.741 3.089 0.0
38.329 35.460 0.0
39.344 46.227 0.0
17.721 37.938 0.0
5.814 40.241 0.0
36.374 2.540 0.0
25.590 8.607 0.0
2.212 41.741 0.0
45.702 27.141 0.0
8.935 12.314 0.0
17.914 27.812 0.0
11.599 26.897 0.0
30.750 40.428 0.0
42.714 0.206 0.0
3.829 32.030 0.0
27.237 17.018 0.0
28.783 13.456 0.0
39.871 10.046 0.0
23.723 37.450 0.0
40.856 7.170 0.0
33.683 12.954 0.0
27.126 49.151 0.0
7.742 5.755 0.0
44.108 40.908 0.0
14.679 36.561 0.0
19.734 31.702 0.0
22.875 23.728 0.0
6.282 22.194 0.0
16.941 49.376 0.0
47.562 19.202 0.0
3.088 4.425 0.0
28.666 2.224 0.0
17.585 40.215 0.0
12.986 29.314 0.0
47.853 21.797 0.0
26.549 43.719 0.0
3.691 40.716 0.0
12.853 46.863 0.0
36.931 3.196 0.0
2.311 27.706 0.0
1.438 12.965 0.0
19.210 33.286 0.0
21.753 16.671 0.0
35.608 30.342 0.0
47.949 23.818 0.0
26.050 43.326 0.0
16.261 2.466 0.0
29.103 9.800 0.0
9.958 36.554 0.0
31.786 20.262 0.0
22.546 10.635 0.0
10.743 5.780 0.0
15.891 13.060 0.0
39.684 3.448 0.0
39.151 19.201 0.0
6.030 16.662 0.0
30.473 32.181 0.0
20.983 44.471 0.0
12.379 19.744 0.0
6.298 31.858 0.0
13.448 42.414 0.0
47.932 40.703 0.0
3.460 19.868 0.0
21.436 9.389 0.0
16.533 29.613 0.0
16.458 7.542 0.0
6.927 24.431 0.0
18.065 1.234 0.0
35.187 42.857 0.0
40.707 23.124 0.0
18.067 19.966 0.0
6.619 41.482 0.0
44.314 34.151 0.0
14.174 41.806 0.0
9.768 49.213 0.0
3.332 24.842 0.0
9.489 30.135 0.0
44.653 35.203 0.0
41.652 25.157 0.0
5.586 15.525 0.0
27.815 16.440 0.0
32.732 32.065 0.0
36.809 46.503 0.0
31.605 39.065 0.0
15.010 27.882 0.0
26.059 40.785 0.0
24.011 39.001 0.0
37.979 22.098 0.0
17.833 0.138 0.0
44.112 0.839 0.0
5.743 9.517 0.0
40.980 7.640 0.0
43.433 1.082 0.0
30.686 21.924 0.0
24.908 12.294 0.0
30.159 35.919 0.0
9.743 22.433 0.0
3.839 32.100 0.0
15.553 39.287 0.0
25.192 43.277 0.0
33.507 24.891 0.0
35.510 18.726 0.0
35.475 9.007 0.0
39.458 44.203 0.0
35.050 42.414 0.0
5.549 8.466 0.0
41.050 40.776 0.0
26.321 24.016 0.0
1.381 13.808 0.0
37.372 45.165 0.0
27.142 13.819 0.0
46.595 32.256 0.0
11.745 22.290 0.0
34.979 36.884 0.0
17.447 23.091 0.0
8.165 29.306 0.0
42.217 36.193 0.0
3.553 5.874 0.0
3.110 6.267 0.0
41.251 1.294 0.0
28.440 6.464 0.0
48.371 37.787 0.0
39.981 28.802 0.0
35.275 20.811 0.0
28.106 39.142 0.0
9.254 38.912 0.0
27.360 26.481 0.0
25.819 43.483 0.0
37.296 23.455 0.0
0.281 22.722 0.0
3.567 17.359 0.0
32.654 42.941 0.0
27.257 8.716 0.0
36.993 9.515 0.0
6.211 7.530 0.0
12.302 49.215 0.0
30.741 35.678 0.0
45.815 35.461 0.0
7.492 27.610 0.0
1.123 18.113 0.0
19.488 40.511 0.0
12.919 29.811 0.0
47.401 49.371 0.0
37.392 21.600 0.0
26.973 12.066 0.0
42.266 31.587 0.0
0.151 44.427 0.0
13.349 11.735 0.0
32.999 45.589 0.0
5.034 29.524 0.0
21.720 9.393 0.0
20.700 23.195 0.0
39.258 48.552 0.0
25.177 21.556 0.0
38.820 44.425 0.0
15.536 41.922 0.0
27.439 16.759 0.0
8.334 2.647 0.0
2.180 34.564 0.0
41.159 29.950 0.0
4.011 11.400 0.0
33.810 2.233 0.0
39.468 45.788 0.0
9.782 8.928 0.0
48.256 30.207 0.0
41.864 5.092 0.0
5.717 10.187 0.0
6.585 17.390 0.0
42.672 28.384 0.0
11.030 1.908 0.0
41.606 37.193 0.0
42.100 19.317 0.0
27.341 7.476 0.0
32.684 28.324 0.0
12.438 0.247 0.0
41.404 4.014 0.0
32.364 2.825 0.0
2.607 13.788 0.0
13.182 10.844 0.0
21.099 29.854 0.0
4.961 12.804 0.0
11.749 23.957 0.0
37.411 4.364 0.0
17.545 26.927 0.0
10.347 25.471 0.0
30.930 42.966 0.0
20.508 24.593 0.0
42.337 36.122 0.0
47.975 10.811 0.0
46.709 4.343 0.0
29.980 6.354 0.0
3.494 24.697 0.0
37.256 9.242 0.0
18.133 41.864 0.0
38.229 18.175 0.0
43.333 30.866 0.0
39.349 9.531 0.0
36.614 44.128 0.0
25.639 39.379 0.0
6.516 2.439 0.0
44.133 21.807 0.0
33.637 9.155 0.0
24.329 8.541 0.0
14.239 7.068 0.0
13.952 13.805 0.0
43.543 7.782 0.0
25.422 42.707 0.0
33.036 4.123 0.0
38.242 41.035 0.0
41.108 27.159 0.0
35.180 39.291 0.0
39.185 30.744 0.0
15.641 14.021 0.0
36.138 28.118 0.0
27.857 35.074 0.0
42.186 17.111 0.0
42.677 8.279 0.0
19.822 12.722 0.0
5.627 9.208 0.0
43.284 8.466 0.0
0.644 35.204 0.0
20.054 10.772 0.0
38.435 29.643 0.0
17.521 33.922 0.0
44.761 4.520 0.0
35.457 6.561 0.0
19.113 4.896 0.0
20.296 24.617 0.0
12.221 21.464 0.0
30.334 39.671 0.0
31.636 15.567 0.0
31.891 46.220 0.0
28.227 24.365 0.0
35.282 26.095 0.0
42.842 12.521 0.0
15.967 23.366 0.0
1.620 30.786 0.0
10.678 8.475 0.0
40.487 31.154 0.0
30.481 46.028 0.0
14.196 22.888 0.0
42.776 6.748 0.0
2.981 33.647 0.0
42.021 10.376 0.0
20.322 15.181 0.0
4.644 2.990 0.0
48.655 3.632 0.0
7.018 9.174 0.0
35.939 10.332 0.0
26.652 6.732 0.0
24.907 30.180 0.0
45.825 49.230 0.0
8.572 11.182 0.0
33.756 9.566 0.0
10.090 30.519 0.0
48.134 35.960 0.0
22.430 19.654 0.0
19.295 0.299 0.0
13.482 23.412 0.0
10.708 27.592 0.0
5.205 15.695 0.0
37.524 24.465 0.0
21.195 27.588 0.0
20.904 24.055 0.0
15.685 21.932 0.0
9.620 34.478 0.0
48.376 22.163 0.0
11.959 18.091 0.0
3.752 22.200 0.0
0.379 39.209 0.0
20.545 18.442 0.0
28.536 48.622 0.0
46.899 14.608 0.0
35.337 24.287 0.0
19.427 5.032 0.0
3.472 8.929 0.0
29.843 42.303 0.0
40.530 26.904 0.0
41.135 40.681 0.0
9.237 24.661 0.0
46.358 7.600 0.0
49.637 11.417 0.0
27.037 31.739 0.0
10.066 29.223 0.0
14.898 37.643 0.0
35.719 4.537 0.0
40.180 43.681 0.0
3.234 26.590 0.0
12.153 32.255 0.0
37.284 11.394 0.0
22.611 8.581 0.0
0.468 44.064 0.0
41.101 37.147 0.0
10.908 46.258 0.0
31.443 2.968 0.0
12.960 40.043 0.0
12.678 48.152 0.0
5.132 24.224 0.0
14.032 32.976 0.0
15.956 44.309 0.0
32.670 14.637 0.0
12.868 22.629 0.0
45.103 26.190 0.0
31.411 20.901 0.0
47.913 22.768 0.0
22.041 33.505 0.0
11.179 42.122 0.0
29.670 6.098 0.0
18.416 1.789 0.0
46.685 40.854 0.0
40.172 25.704 0.0
13.662 36.549 0.0
44.503 8.980 0.0
33.225 19.023 0.0
36.478 40.748 0.0
11.584 45.100 0.0
40.581 11.448 0.0
49.180 10.988 0.0
44.437 32.749 0.0
16.543 14.351 0.0
9.623 45.433 0.0
23.996 7.818 0.0
25.499 32.972 0.0
24.144 40.478 0.0
34.982 46.283 0.0
24.248 13.117 0.0
46.955 28.228 0.0
31.489 22.366 0.0
18.630 4.751 0.0
7.937 38.734 0.0
42.586 33.253 0.0
23.572 3.589 0.0
7.426 17.808 0.0
15.103 40.522 0.0
18.072 15.098 0.0
35.544 7.278 0.0
11.510 14.599 0.0
14.482 15.442 0.0
36.529 31.458 0.0
41.826 16.407 0.0
31.430 0.743 0.0
38.442 43.807 0.0
31.998 7.344 0.0
35.538 14.558 0.0
23.106 26.605 0.0
0.908 22.935 0.0
11.276 37.014 0.0
24.236 14.672 0.0
42.218 47.735 0.0
5.522 1.021 0.0
16.905 10.575 0.0
30.419 15.856 0.0
22.141 8.121 0.0
13.746 32.507 0.0
36.685 27.178 0.0
47.793 40.766 0.0
2.011 39.422 0.0
5.151 38.739 0.0
7.574 19.207 0.0
16.758 18.610 0.0
34.030 31.849 0.0
24.604 20.205 0.0
24.305 24.393 0.0
45.110 41.316 0.0
11.613 44.857 0.0
23.593 29.135 0.0
25.582 5.251 0.0
12.413 32.890 0.0
22.478 38.308 0.0
15.405 23.760 0.0
43.213 27.761 0.0
9.042 34.524 0.0
43.274 17.278 0.0
26.388 38.018 0.0
12.018 23.709 0.0
23.354 20.466 0.0
4.866 46.158 0.0
38.034 12.988 0.0
0.875 23.601 0.0
2.973 22.222 0.0
19.851 0.232 0.0
27.085 48.855 0.0
37.749 9.561 0.0
28.663 1.101 0.0
26.434 35.374 0.0
23.412 48.677 0.0
14.056 0.126 0.0
1.765 21.658 0.0
15.252 19.051 0.0
17.886 37.764 0.0
16.219 41.363 0.0
8.683 41.072 0.0
18.244 28.272 0.0
14.963 4.940 0.0
44.761 41.206 0.0
38.374 41.998 0.0
1.178 32.674 0.0
37.213 24.487 0.0
43.790 46.441 0.0
41.347 48.919 0.0
13.935 43.383 0.0
1.519 30.057 0.0
26.224 24.244 0.0
31.124 30.568 0.0
15.141 20.831 0.0
49.179 24.340 0.0
42.618 22.689 0.0
41.656 3.418 0.0
0.269 47.188 0.0
24.621 20.783 0.0
3.926 47.145 0.0
16.655 13.815 0.0
24.785 31.570 0.0
9.979 26.136 0.0
31.073 1.965 0.0
19.335 38.778 0.0
26.467 28.693 0.0
35.241 35.135 0.0
16.663 9.393 0.0
13.525 7.994 0.0
13.483 14.136 0.0
46.195 21.086 0.0
46.697 30.095 0.0
29.640 12.074 0.0
47.328 21.865 0.0
24.919 18.661 0.0
42.642 22.229 0.0
41.481 24.584 0.0
12.235 12.207 0.0
20.011 7.680 0.0
46.697 38.474 0.0
42.340 27.899 0.0
25.143 0.910 0.0
6.314 19.178 0.0
35.624 22.924 0.0
21.395 45.430 0.0
2.846 42.477 0.0
6.346 47.540 0.0
10.979 32.267 0.0
3.856 45.240 0.0
#Ma tran yeu cau D
#source_index dest_index bw don vi Mbps
24 2179 879
27 1193 289
35 101 592
42 1184 991
52 1792 136
145 656 89
153 227 891
154 200 654
176 744 796
238 1296 287
256 1937 754
324 1476 656
354 1374 138
378 1290 236
386 1853 610
395 1186 697
436 11 686
454 1509 717
471 1302 387
480 1158 372
489 1381 342
524 230 711
535 447 824
554 564 523
611 737 744
622 1323 474
678 1045 80
707 530 864
729 1063 428
779 97 110
811 409 372
816 1089 28
849 437 290
863 1038 297
864 107 106
888 1681 93
896 992 862
1012 1960 902
1013 1551 69
1030 315 676
1040 1399 995
1047 576 320
1154 1652 494
1176 1383 90
1197 2106 882
1199 1380 261
1201 1591 528
1209 523 559
1211 340 880
1241 603 429
1256 295 577
1289 1747 665
1298 723 46
1305 501 156
1366 121 277
1386 807 209
1408 725 236
1449 350 734
1469 940 752
1470 1701 823
1505 1912 243
1510 1089 958
1539 201 660
1548 424 615
1554 312 966
1563 1589 82
1582 1337 931
1658 1551 3
1692 1159 926
1705 1380 292
1717 2123 350
1778 533 425
1949 745 528
1977 2044 978
1980 155 801
1995 90 42
2004 1161 392
2033 1217 53
2042 393 82
2073 1403 710
2077 648 567
2078 1342 605
2100 53 986
2138 644 208
45 1731 729
49 2188 149
78 2165 970
85 1642 789
90 2124 524
102 989 375
107 84 6
112 1230 634
156 1888 308
157 354 406
164 294 507
165 372 878
186 1064 868
204 1494 239
206 319 786
218 1003 475
251 1901 502
260 103 923
271 1570 967
309 741 237
343 327 901
347 1746 73
362 1656 792
368 792 692
405 253 391
421 1963 731
448 2140 820
451 1593 15
453 612 695
468 1595 270
490 1797 426
523 105 257
548 1104 485
565 2159 189
572 2189 73
587 2178 480
614 414 199
615 406 481
637 1340 878
640 819 673
704 1669 647
715 177 344
723 1496 360
754 896 638
822 95 460
826 842 567
839 1234 444
862 1188 842
870 1749 884
871 2127 478
872 407 84
899 2005 818
919 163 897
968 327 79
996 2140 696
1001 524 619
1027 2130 30
1031 875 589
1032 2081 559
1059 889 529
1085 1376 913
1121 1366 431
1150 2151 380
1157 778 620
1159 1673 224
1184 1180 801
1191 1955 948
1205 585 521
1215 1830 112
1229 221 678
1257 2042 280
1296 481 767
1325 2132 790
1338 1160 213
1378 139 999
1435 1043 44
1462 146 52
1464 1977 470
1490 342 646
1509 1074 745
1528 1861 942
1538 1408 847
1542 1761 771
1550 1043 556
1551 1224 572
1559 111 157
1560 1529 501
1584 1813 499
1651 1149 718
1691 27 462
1697 1800 927
1702 880 438
1713 1851 184
1733 2015 660
1742 1056 257
1769 2175 662
1833 1679 877
1838 906 916
1872 34 639
1883 728 402
1898 140 601
1906 1494 611
1920 1072 693
1925 1639 748
1929 538 339
1948 203 590
1956 539 175
1970 1270 82
1999 1023 826
2016 2041 940
2038 1764 426
2063 1481 966
2079 1903 523
2087 1082 759
2091 142 488
2131 1473 13
2183 951 488
2192 514 736
10 1485 811
20 327 489
32 175 870
81 228 545
119 794 695
120 763 944
121 280 678
166 1834 43
214 312 137
225 1327 889
234 105 431
258 1395 280
273 15 519
301 841 93
306 1648 862
323 1170 763
326 2044 103
338 328 525
360 1268 781
364 1246 253
371 395 559
380 309 1000
416 1469 842
432 1599 753
443 200 971
483 684 185
509 75 37
574 572 730
602 1714 906
621 434 615
629 223 646
650 838 660
661 1632 99
671 1817 36
683 1033 325
735 369 973
751 1630 882
762 1565 922
772 1464 970
785 341 862
833 18 619
865 1441 888
880 1927 917
887 869 219
936 1468 248
943 994 906
978 50 369
998 428 347
1026 1043 743
1034 568 545
1045 1342 584
1067 1276 639
1073 178 376
1106 628 774
1133 2016 304
1134 1752 377
1144 1313 550
1181 138 274
1198 1894 492
1204 1286 664
1210 1559 224
1214 531 832
1264 2027 584
1269 1958 349
1274 1926 279
1310 821 622
1351 1929 976
1356 993 786
1401 266 62
1406 396 618
1413 1300 838
1432 1050 571
1473 1122 211
1476 21 30
1502 739 224
1504 1990 702
1537 1458 541
1578 126 612
1586 931 634
1606 1668 630
1637 1718 317
1671 1550 501
1736 243 65
1751 2007 905
1759 1409 862
1762 924 724
1804 896 596
1842 1803 513
1874 776 432
1877 1639 79
1931 376 909
1972 171 436
1974 2078 83
1983 1968 595
2053 821 536
2099 633 220
2121 1126 655
2178 756 615
14 291 241
144 846 12
150 2095 410
178 1765 287
232 225 359
239 1005 203
265 491 602
287 706 679
305 435 544
413 2167 933
418 1421 698
536 1794 903
550 314 479
577 36 301
580 1602 475
619 1000 393
635 1386 512
663 2126 716
673 1585 691
727 709 497
757 2005 730
789 1451 991
879 1197 489
892 1682 468
926 706 891
927 850 284
939 1479 198
992 148 713
1020 2066 519
1043 1082 4
1048 1422 397
1137 897 914
1158 982 417
1183 1576 611
1195 880 763
1261 1656 219
1301 436 640
1349 47 299
1365 696 295
1381 1882 274
1400 2121 123
1415 47 908
1427 2106 805
1455 981 94
1513 1869 376
1573 679 758
1579 1776 532
1581 894 358
1589 993 110
1622 1061 368
1676 1533 114
1677 794 755
1712 422 940
1739 180 369
1787 1118 805
1819 1741 43
1831 931 34
1873 860 292
1875 1550 23
1912 309 907
1942 1530 231
1945 1133 305
1947 2126 833
1988 523 179
1989 2100 271
1996 1429 334
2001 975 600
2019 501 727
2024 1871 301
2025 1540 506
2028 1011 425
2031 1154 696
2062 681 697
2120 1319 926
2130 500 347
2135 1264 875
2149 563 161
2165 1234 87
36 1931 515
60 519 620
71 1603 994
86 380 443
96 1775 919
139 819 69
169 864 219
194 738 570
203 1140 310
233 422 124
263 1933 916
322 445 21
337 709 600
359 1628 396
365 2157 932
406 1005 698
518 517 395
527 2129 381
598 5 787
613 2045 548
624 1258 414
641 1602 88
642 125 532
647 660 563
682 181 30
699 1284 513
711 1973 449
719 697 135
750 1943 260
780 1473 260
796 392 104
856 21 986
957 213 988
1051 842 41
1065 555 146
1119 1884 497
1126 1957 162
1132 1661 121
1177 1766 808
1249 627 657
1280 1686 964
1294 664 648
1313 1545 934
1323 1699 467
1354 35 980
1368 1283 891
1383 2080 554
1440 1092 898
1445 288 117
1450 690 177
1499 1311 428
1506 794 545
1562 1635 80
1593 20 70
1649 397 283
1665 1567 92
1689 173 125
1690 367 646
1715 1825 943
1746 1692 645
1758 1924 993
1790 910 194
1795 1063 790
1805 171 969
1830 59 470
1839 43 175
1932 997 909
1961 688 656
1976 2158 265
2027 949 411
2065 582 848
2133 1185 650
2166 1669 648
2167 1952 720
2182 254 113
2185 1991 959
2187 1656 925
2188 1650 938
50 1273 767
62 643 389
65 658 209
70 1537 13
83 1249 951
88 1763 129
105 895 481
118 343 991
155 535 4
185 1828 23
201 1884 600
217 699 799
420 2061 975
460 1911 235
542 635 913
560 1324 790
564 147 878
595 215 333
607 279 288
657 877 989
675 1446 405
681 1425 698
686 1006 56
722 455 165
728 2170 363
758 174 40
763 1302 875
767 2043 33
770 1375 144
778 608 970
790 952 683
814 2017 823
834 543 122
844 1025 526
854 804 165
860 571 765
907 1355 812
928 1458 684
953 1674 759
974 410 782
984 2011 301
993 1724 218
1015 709 667
1017 1217 675
1018 1327 646
1029 80 383
1081 1506 940
1107 46 949
1124 1354 45
1141 73 519
1185 431 537
1219 1271 696
1221 871 556
1244 2134 91
1259 707 44
1292 392 943
1337 478 315
1358 522 873
1362 674 869
1384 47 438
1410 26 165
1483 917 323
1485 1937 730
1488 731 777
1494 1178 681
1496 1955 568
1522 202 42
1526 144 308
1535 939 665
1605 1925 694
1632 1998 810
1672 1123 247
1698 339 597
1750 254 111
1788 168 978
1801 525 155
1816 316 86
1823 364 892
1827 591 43
1836 100 168
1840 181 38
1857 1540 458
1869 553 976
1890 41 308
1891 896 765
1900 566 868
1928 1993 652
1938 746 671
1941 1309 49
1952 1055 412
2021 892 665
2029 1889 149
2040 1795 234
2058 1274 714
2093 1641 527
2106 1570 917
2119 463 109
2139 1208 339
2140 35 128
2148 2103 741
2194 1394 770
33 1589 66
39 1741 359
48 1322 229
59 43 80
63 304 516
140 415 559
216 1573 547
222 1184 285
236 1399 301
278 1978 266
290 590 660
293 432 82
300 1718 201
307 1379 277
369 535 447
373 388 199
403 1226 258
412 1770 38
424 2005 481
440 1651 230
447 313 559
478 1447 711
498 97 116
507 1438 282
539 418 93
559 529 395
561 449 765
632 845 636
651 772 497
658 2049 825
775 1114 134
853 2014 96
857 1470 658
859 1711 146
924 1814 731
929 1527 793
944 1995 504
979 161 102
983 1593 874
995 51 512
1097 1454 558
1161 1316 642
1200 264 74
1231 812 641
1318 1646 97
1342 643 552
1380 1536 285
1389 1001 35
1425 1355 328
1431 605 685
1439 1036 951
1492 1337 942
1533 62 932
1591 770 556
1604 2055 438
1613 1462 772
1614 268 887
1623 2021 557
1624 1898 275
1662 1802 468
1703 1030 429
1704 698 94
1748 780 958
1765 1150 4
1768 2049 149
1797 950 99
1832 1000 902
1907 1296 999
2030 544 686
2052 1446 943
2090 2076 37
2117 418 609
2118 629 924
2137 1593 30
2152 169 502
2169 1274 512
2171 1611 914
2197 144 551
2198 943 725
2200 253 537
11 1330 578
22 2038 282
29 2192 163
55 1529 415
66 1760 968
74 924 393
149 2058 407
168 344 43
175 970 202
192 501 563
231 321 222
235 1920 354
289 866 155
345 1906 522
361 1842 628
370 202 419
393 973 235
423 505 325
434 60 752
438 1422 341
450 1990 451
479 984 35
513 95 549
530 1286 635
556 604 191
608 220 80
616 1529 312
633 1681 966
656 1482 935
688 1425 282
773 520 936
797 1340 597
858 459 964
882 1042 151
886 1222 688
889 1009 1
905 1404 920
940 228 883
961 92 460
1002 1266 603
1008 1699 568
1064 1961 823
1093 447 786
1120 709 730
1163 1004 37
1174 560 874
1267 1538 519
1341 619 256
1391 1910 15
1452 1836 894
1454 2094 323
1471 422 965
1478 1950 627
1500 2117 588
1524 114 538
1530 1967 195
1597 36 756
1630 1714 637
1641 2164 306
1683 1450 131
1721 1510 548
1771 1688 454
1772 1388 257
1786 1870 648
1794 2124 454
1802 566 839
1825 269 945
1845 1923 191
1902 1251 448
1940 1583 571
1944 402 347
2020 1667 152
2023 1942 243
2049 1165 710
2059 1753 358
2114 660 996
2128 1840 455
2153 1623 667
2174 1246 147
8 38 60
26 90 363
31 1941 513
51 1391 122
58 2181 145
76 2152 884
99 1916 816
108 2193 202
114 1750 636
126 1105 804
141 1695 957
187 2171 65
205 1571 203
210 639 874
220 829 818
261 1866 557
279 1104 24
280 207 470
303 885 119
304 1744 143
317 906 381
351 125 151
372 43 920
389 191 113
401 1424 880
459 298 267
488 611 765
540 1813 23
546 148 367
551 191 463
552 819 893
582 1104 825
627 901 569
677 1234 91
705 177 473
736 1223 971
738 819 909
744 766 765
764 847 866
802 1883 996
812 1079 578
830 1071 422
884 916 297
900 1282 123
920 47 716
945 1537 277
982 1904 445
997 1787 724
1019 1790 36
1060 1645 17
1069 1813 829
1108 798 493
1129 1934 514
1146 1580 909
1147 1416 694
1160 173 356
1162 948 982
1165 1098 645
1186 1278 155
1206 1021 587
1237 1071 408
1247 1036 392
1303 536 236
1315 630 510
1317 1273 837
1359 370 765
1363 743 66
1371 943 146
1376 2004 202
1379 1861 152
1409 655 406
1517 1170 845
1532 416 777
1536 836 120
1553 15 909
1576 82 739
1602 592 804
1633 1807 40
1634 587 998
1681 43 728
1693 854 629
1699 315 746
1727 506 94
1734 1391 471
1745 2088 309
1763 1153 113
1829 655 119
1843 291 828
1844 686 128
1864 1173 709
1865 1200 686
1870 1947 751
1892 649 741
1909 1703 124
1913 515 160
1915 1112 496
1923 1085 465
1946 1902 457
1958 769 584
1969 656 667
1971 1361 800
1992 1508 241
2000 2157 767
2047 291 54
2075 444 686
2085 105 707
2102 1890 297
2156 38 230
12 2147 579
28 225 515
72 2136 903
92 981 5
97 1996 418
115 1611 5
134 1081 97
184 1182 935
208 442 110
241 1659 75
254 2095 598
259 939 279
262 75 24
270 2180 256
333 1281 13
339 1147 986
353 1439 737
377 1893 737
379 2013 843
383 298 409
390 484 201
458 1919 316
462 477 747
481 607 559
510 866 100
514 774 355
516 1315 370
557 1274 542
591 359 559
593 974 394
604 1272 96
620 612 702
643 16 162
648 1174 520
655 765 301
737 473 340
840 159 825
897 334 766
916 914 789
922 862 675
947 533 478
969 890 606
976 421 236
989 1748 94
991 2086 553
1057 382 548
1095 496 218
1102 2189 747
1125 2106 224
1167 1313 536
1169 181 160
1188 1148 401
1242 1679 950
1260 1316 2
1263 299 121
1265 7 858
1290 1706 343
1340 762 692
1343 1472 449
1346 1830 233
1352 621 746
1360 1415 835
1370 1022 633
1394 810 213
1396 1479 637
1433 723 918
1437 1328 944
1460 1113 436
1466 1473 684
1501 998 517
1514 803 574
1557 2040 325
1594 251 259
1625 2026 832
1626 1301 370
1631 205 631
1688 1110 823
1694 715 630
1718 1551 688
1725 1176 669
1810 967 248
1815 1853 121
1848 921 746
1854 1481 753
1861 904 176
1862 850 680
1884 455 993
1889 779 276
1904 1849 20
1955 720 652
1994 1502 988
2022 1809 874
2034 1559 287
2064 1292 657
2071 394 136
2074 1784 186
2088 491 786
2104 1702 262
2115 189 388
2158 1193 205
2195 1677 406
2 756 952
3 1094 449
40 39 640
41 103 709
151 1549 753
181 1997 804
195 2038 377
196 875 763
223 2195 52
248 889 627
264 1984 481
285 1512 361
329 573 13
334 2177 184
422 1127 586
425 1516 716
437 1107 8
456 564 582
464 2082 874
477 1385 676
491 673 579
511 559 202
526 999 870
571 1628 585
588 1344 74
623 487 858
626 1743 454
639 164 96
653 2072 166
684 1828 55
689 2107 514
691 881 68
769 1676 871
783 1927 139
784 791 781
800 2021 727
803 376 333
805 1459 442
815 1753 724
831 614 529
842 581 24
867 1455 818
869 962 261
883 217 405
911 716 717
915 1217 748
938 1339 986
942 1080 920
955 1230 193
981 2068 794
986 377 669
990 1437 667
1010 1610 821
1023 659 281
1039 1770 107
1042 1988 670
1046 1391 122
1055 931 534
1087 1453 563
1092 1596 381
1100 772 732
1117 1132 898
1135 429 526
1153 1438 124
1173 833 312
1180 1208 30
1192 1206 732
1252 780 3
1271 705 970
1276 1275 566
1278 1793 787
1281 390 239
1287 1525 304
1288 1827 421
1355 1020 169
1374 532 374
1377 1857 593
1399 310 493
1411 98 175
1447 1060 329
1481 467 520
1482 1632 330
1541 2020 7
1646 1222 950
1669 907 270
1674 525 146
1784 1359 358
1822 1675 724
1867 1651 963
1882 476 877
1903 395 555
2012 1190 836
2039 1767 645
2070 651 101
2109 1713 262
2116 980 561
2124 1155 582
2155 1255 530
2159 721 413
2160 944 385
2191 514 803
4 688 708
15 1778 826
21 464 122
30 646 717
38 649 693
53 1454 775
77 395 378
94 1098 982
98 1483 823
131 2039 872
159 947 350
163 263 512
190 1723 189
246 1231 45
291 413 166
292 1146 648
295 422 74
313 370 519
349 25 61
350 1158 803
357 829 710
358 1370 263
367 1982 813
375 666 10
382 1594 127
394 587 906
397 1046 24
414 264 345
426 800 388
455 2122 457
465 1959 865
474 1776 728
494 1622 443
495 686 793
497 648 752
534 601 174
590 1569 882
596 709 203
603 1487 666
672 347 247
685 1756 218
687 811 524
698 1697 659
700 681 13
714 384 421
716 319 711
748 2046 941
756 1319 832
761 2107 624
771 2187 964
798 2087 590
832 1539 471
838 1706 738
841 1133 826
846 702 574
890 1516 794
906 1771 626
949 1219 994
977 1774 426
1062 1724 217
1077 1285 730
1105 844 464
1116 481 202
1139 1876 606
1140 446 2
1156 1552 335
1193 1846 262
1216 1524 336
1224 52 983
1233 871 233
1255 1187 734
1307 1655 655
1321 1391 853
1333 980 477
1344 1691 604
1361 817 966
1373 2193 221
1393 524 386
1397 2145 373
1398 1087 603
1403 1897 527
1430 1551 275
1442 746 814
1446 1858 435
1467 331 574
1484 1686 986
1512 1495 488
1518 1236 800
1575 1561 529
1588 539 470
1595 1928 189
1611 1408 861
1612 2061 885
1618 1939 359
1731 1281 67
1735 310 109
1737 1164 69
1770 2158 918
1783 1472 342
1791 1332 97
1812 708 797
1851 541 456
1866 876 863
1878 1589 377
1879 1302 520
1895 2187 513
1918 1655 313
1921 734 695
1924 1428 46
1927 2077 899
1930 1229 264
1960 1651 97
1979 2099 610
1998 985 302
2006 1922 730
2008 918 686
2013 1538 398
2036 514 327
2110 1727 39
106 2184 877
132 537 895
142 513 307
174 1902 387
177 1637 723
182 362 613
211 1301 474
227 65 984
244 2124 699
281 2024 636
296 1446 486
319 2038 108
320 701 786
330 1158 783
344 283 549
346 957 848
396 529 151
411 1938 873
452 1279 103
492 679 972
500 947 468
512 740 744
578 1464 409
579 536 317
612 200 149
662 146 978
709 2071 295
717 1507 751
782 497 312
819 376 661
821 386 953
848 1171 637
917 519 320
925 856 58
932 1268 694
935 1784 906
958 1994 73
960 1892 56
963 1895 261
971 763 545
999 455 728
1006 1569 238
1011 1598 779
1036 140 611
1038 1774 809
1076 1448 224
1098 1618 507
1101 1271 460
1111 1860 183
1122 1179 305
1123 243 308
1145 951 546
1155 2021 167
1172 1347 506
1182 1366 679
1208 1515 447
1222 663 415
1223 1537 243
1232 450 255
1270 1084 23
1299 1354 535
1350 1136 595
1375 1623 114
1461 996 70
1503 1323 163
1558 1927 616
1564 598 122
1570 902 817
1574 1077 945
1583 1842 344
1617 1837 677
1680 1696 23
1724 941 817
1757 852 296
1764 2011 548
1785 1528 431
1793 1763 174
1809 558 615
1859 2132 844
1886 595 84
1901 209 763
1954 1290 216
1984 1769 601
2045 1009 49
2056 403 526
2072 524 911
2094 857 26
2107 2053 315
2150 1648 817
2151 1837 963
2176 698 697
18 1106 283
54 1616 948
82 607 209
111 253 377
133 1789 532
183 1389 159
188 1934 831
197 2121 140
221 927 764
237 1006 295
267 1103 650
272 273 843
283 317 288
297 936 863
308 2023 857
318 1281 954
352 632 594
363 534 357
417 1015 50
431 217 44
457 836 125
486 2115 681
529 1757 709
576 2133 580
600 141 450
618 467 137
631 2067 76
649 674 585
652 282 507
659 320 834
668 1753 268
676 1790 821
703 812 654
718 531 596
759 1980 944
774 1553 262
788 230 605
793 614 684
801 1677 530
823 1874 756
825 1822 913
845 1698 372
847 1096 90
866 1114 934
894 1415 871
904 1541 375
908 738 927
930 287 853
954 736 582
973 1618 329
1000 1809 144
1003 1102 603
1009 1956 836
1014 189 180
1024 1778 91
1025 453 989
1028 983 636
1068 1230 394
1070 73 22
1083 603 770
1090 168 561
1112 2165 197
1115 1182 481
1130 27 978
1136 920 528
1164 862 364
1175 1042 278
1179 2025 113
1194 786 656
1207 870 383
1217 1674 554
1218 1811 475
1228 720 194
1236 2115 879
1248 635 787
1304 320 663
1316 1778 63
1334 1865 636
1348 41 748
1402 1991 612
1416 166 44
1472 986 454
1474 1015 802
1486 2012 507
1491 1900 833
1516 1505 22
1545 24 48
1546 219 126
1555 1829 275
1565 553 882
1580 716 822
1590 1820 508
1599 1622 36
1619 1198 519
1636 42 206
1640 1615 645
1643 2164 304
1654 957 545
1667 1813 445
1684 903 116
1708 1525 466
1710 1926 699
1732 514 80
1738 305 45
1743 339 379
1755 2179 26
1773 453 736
1779 1942 289
1782 1035 456
1796 413 969
1806 1206 351
1818 1801 117
1846 1925 746
1847 439 239
1860 646 231
1885 1280 735
1888 1007 930
1959 1227 251
1967 1328 976
1990 216 478
2032 1807 25
2037 295 179
2084 578 609
2129 1470 623
2134 1006 67
2142 217 713
2146 1918 106
2196 1308 383
84 1520 158
91 2100 614
109 2162 383
117 188 357
122 1202 770
125 1356 463
129 539 805
180 339 923
226 1738 815
240 1629 610
288 1608 409
385 1639 20
400 283 772
409 1455 175
429 1917 70
430 833 781
470 1301 308
475 1996 296
484 204 741
521 1276 613
567 1856 704
599 2176 299
605 389 603
606 915 350
628 2042 954
634 960 4
645 1423 872
732 1614 308
746 524 637
752 419 662
792 1060 196
824 1029 346
852 1568 496
901 1507 817
952 1696 507
975 1923 626
1066 2149 330
1084 861 842
1094 1434 23
1113 275 723
1212 585 588
1327 671 506
1339 1546 870
1387 1378 445
1388 1076 505
1436 1226 760
1443 2155 459
1444 1692 733
1458 582 782
1489 115 811
1527 1333 437
1531 863 693
1534 1323 685
1566 1768 831
1569 805 689
1616 670 204
1620 1907 237
1650 1375 541
1682 154 396
1749 1292 436
1754 996 725
1761 1408 158
1767 1165 176
1792 1197 599
1808 898 487
1881 349 936
1893 1128 39
1933 994 971
1937 262 110
1951 1794 295
1963 465 790
2010 787 535
2055 722 703
2068 671 404
2082 1469 147
2092 1892 635
2101 649 627
2127 1771 490
2144 1311 527
2175 1098 939
2193 1513 355
6 1952 667
19 1000 989
34 69 804
100 90 922
101 516 254
103 1830 896
143 942 661
148 77 950
162 819 500
173 2191 176
199 1879 239
250 1351 639
252 327 702
255 1532 77
257 1727 533
274 1941 526
284 122 280
321 233 578
332 397 548
374 1688 7
381 840 321
384 1065 611
388 2082 516
404 1152 423
444 120 736
449 1379 567
466 209 260
469 218 357
473 1561 520
501 1306 494
525 984 289
543 1852 132
549 1487 636
558 518 755
562 574 775
586 351 805
609 211 541
625 1482 53
630 2014 992
638 772 161
697 852 383
712 2178 991
734 2118 823
739 1729 621
753 1250 749
795 273 226
818 1465 530
850 618 250
877 1596 603
923 1148 641
937 1606 560
962 348 592
970 1047 178
988 329 24
1033 1575 298
1103 707 957
1178 1156 896
1203 1307 296
1243 2153 720
1251 1949 403
1282 459 854
1286 1414 758
1300 600 738
1319 919 214
1332 1262 166
1364 267 173
1385 862 773
1418 811 869
1419 595 646
1448 1731 469
1507 907 605
1521 137 806
1523 1049 763
1621 649 367
1656 539 364
1686 1384 869
1701 1575 534
1706 107 71
1775 581 841
1800 659 309
1820 1681 538
1837 735 248
1858 713 481
1876 1886 148
1899 1821 403
1910 88 987
1919 2007 666
1981 135 611
1997 1224 143
2003 359 487
2015 2163 266
2026 295 948
2044 531 249
2048 340 105
2132 309 932
2157 1833 650
2162 721 769
2199 1212 246
9 1442 703
43 795 624
44 1308 58
46 2004 583
93 1035 826
135 2001 581
158 1873 840
167 108 909
172 1990 744
209 532 242
224 58 300
249 1082 666
298 357 661
299 593 786
312 903 86
325 1795 72
335 1907 765
336 718 553
342 1302 662
398 1805 63
463 886 797
482 818 845
508 957 928
515 2002 635
594 1973 335
610 1105 49
646 317 513
667 2044 890
696 980 590
708 527 145
733 1552 978
765 1852 336
766 817 743
768 539 252
777 1112 602
794 1803 741
808 1893 652
809 620 582
813 780 226
843 945 918
851 1688 420
868 741 581
881 656 837
895 545 958
933 1749 178
934 608 752
959 356 229
965 2113 420
972 355 243
1004 211 526
1049 1287 566
1050 1285 579
1052 230 385
1054 1852 495
1063 591 335
1074 1716 172
1075 1862 916
1109 1517 303
1131 1600 267
1189 761 180
1202 1647 647
1227 520 113
1250 170 494
1277 465 160
1284 797 478
1297 253 758
1306 88 475
1311 1913 582
1329 801 264
1330 2087 837
1372 1212 122
1392 513 444
1412 367 734
1414 446 737
1417 999 940
1420 1834 155
1421 1273 756
1424 1430 547
1428 368 972
1441 1090 777
1475 1863 401
1477 2186 686
1479 484 745
1508 939 115
1568 592 1000
1608 1658 238
1615 1956 546
1629 1605 162
1635 2016 270
1652 474 336
1663 626 898
1673 403 764
1678 2092 125
1679 259 934
1687 2094 21
1700 3 538
1714 682 318
1730 941 55
1740 679 363
1752 1762 313
1817 1117 308
1856 2103 740
1868 1976 604
1887 849 430
1897 1367 173
1934 545 662
1975 906 35
1993 647 117
2011 497 448
2043 1323 544
2066 796 36
2083 774 302
2105 323 738
2123 287 839
2126 1931 710
2145 2187 581
2163 1711 97
2164 181 96
2173 1134 152
2177 1174 724
17 184 826
23 647 870
113 227 785
123 45 801
138 816 938
207 1148 441
228 39 974
247 236 355
253 1127 878
269 442 705
310 726 855
315 2023 394
366 171 723
376 457 653
461 1957 407
505 188 789
522 735 980
533 2093 896
563 1412 716
570 907 738
575 1081 542
585 874 120
589 587 893
636 581 150
654 1034 887
669 865 125
670 42 815
695 232 572
706 1755 574
725 357 665
743 1048 717
749 1770 978
755 803 816
786 103 566
804 26 737
810 231 945
827 1954 818
873 698 972
878 960 195
891 54 648
914 1159 4
921 2078 263
966 1035 775
980 925 880
987 2068 982
1005 979 69
1007 294 908
1022 1246 970
1053 949 435
1056 1172 644
1061 1617 101
1086 764 49
1138 855 525
1149 1239 427
1235 809 535
1245 963 279
1253 1699 997
1262 2192 508
1312 85 435
1335 1266 685
1429 484 812
1451 2102 390
1511 685 533
1552 2165 50
1587 1101 44
1648 1958 417
1653 1486 87
1660 1494 557
1711 496 89
1728 178 412
1729 347 648
1744 176 346
1747 179 18
1807 1132 24
1826 1754 106
1828 969 732
1849 812 700
1935 1925 882
1964 1702 216
1987 1667 998
2018 784 252
2035 964 423
2051 701 873
2069 1579 93
2089 115 752
2113 1484 83
2141 1835 477
2147 1864 247
2154 1846 857
2190 1864 231
13 177 198
16 2052 294
47 1247 828
56 1391 483
57 50 761
75 896 98
79 1414 380
116 695 692
136 250 682
146 1889 594
170 972 698
191 2179 847
193 511 267
200 319 675
212 1707 485
243 214 819
268 1682 572
311 954 462
340 1490 953
348 870 771
407 1228 820
419 605 310
427 1896 188
428 1948 745
487 795 798
503 477 423
517 1054 884
519 1201 404
528 1620 505
532 48 944
581 674 224
584 850 744
592 1928 440
597 1801 770
666 1929 880
679 1934 489
690 165 600
693 773 660
702 750 665
710 1347 467
730 554 851
740 513 527
742 1377 195
807 1598 957
828 110 993
829 115 263
835 379 372
836 591 743
875 1037 634
885 1475 105
893 654 352
910 480 756
918 1793 291
931 2060 140
950 1024 12
956 71 433
1044 1302 971
1072 497 87
1079 1929 191
1082 173 996
1088 1119 101
1151 1509 870
1166 1932 38
1196 1916 47
1246 1460 581
1268 1851 357
1279 281 514
1328 1754 774
1353 1485 827
1405 2167 321
1423 818 887
1438 1819 66
1459 194 216
1468 2029 609
1480 1885 595
1493 669 600
1520 1262 516
1549 1607 467
1610 1259 938
1670 713 937
1695 1607 873
1709 1699 753
1753 765 799
1756 362 600
1766 2147 718
1780 1681 663
1781 1057 800
1799 1453 481
1814 1452 569
1852 2140 138
1863 1100 110
1894 1881 387
1922 2190 563
1943 502 945
1953 454 250
1957 502 807
1962 21 72
1968 445 256
1986 139 457
2009 1431 454
2014 1338 156
2046 770 384
2050 1238 481
2096 378 765
2103 1900 638
2143 1559 336
7 278 153
37 1924 116
64 1545 120
87 1558 382
89 1851 892
110 959 554
127 396 948
152 374 510
160 368 550
202 1469 923
245 22 408
282 1903 265
286 944 549
302 228 146
314 1271 331
410 1674 879
439 1978 192
502 929 902
504 443 437
520 1139 805
537 686 107
538 1271 328
544 519 866
545 809 591
555 1743 673
583 95 467
644 226 447
664 338 751
741 1672 880
760 847 739
781 1135 227
799 121 747
806 1969 664
817 429 822
855 519 199
861 1554 66
912 274 315
946 1363 317
948 561 798
951 1434 223
985 1804 622
994 66 811
1016 1588 133
1021 729 932
1078 1245 126
1089 672 972
1091 2089 387
1099 337 176
1104 2010 684
1127 716 767
1143 1083 706
1168 1465 715
1226 833 246
1272 285 624
1275 1371 877
1283 1842 260
1285 346 562
1302 1231 262
1309 622 543
1322 1742 344
1331 532 507
1336 1106 456
1369 535 893
1404 170 630
1426 1424 409
1453 694 313
1463 601 875
1497 1278 542
1525 1504 877
1540 1450 550
1543 1799 174
1571 940 330
1598 144 554
1627 2106 718
1639 1765 784
1657 79 887
1685 365 852
1696 1065 978
1716 91 385
1741 1973 771
1776 914 390
1777 1647 658
1803 1549 381
1841 718 828
1855 1308 867
1871 400 220
1905 298 641
1914 827 500
1917 143 96
1991 1206 823
2017 1464 413
2061 949 749
2086 1558 516
2108 634 226
2112 257 397
2122 1852 289
2136 272 316
2170 1743 927
2184 672 450
2186 848 178
1 703 26
25 274 575
68 1963 774
95 778 530
104 1556 638
130 1003 384
147 123 906
161 1279 425
171 1038 816
275 1252 530
277 1057 911
327 1358 598
328 1690 580
356 1246 68
392 1920 361
402 135 220
467 619 464
472 12 55
506 1485 131
547 1815 471
568 32 482
665 1740 366
674 932 848
680 1700 775
701 1592 939
713 1429 365
776 773 508
791 1844 730
874 2105 184
898 295 674
902 1767 255
903 2136 943
909 1491 270
1035 798 561
1096 707 331
1110 158 777
1114 921 5
1128 206 931
1142 542 501
1148 1762 102
1190 1361 252
1225 1832 234
1238 1252 827
1239 605 380
1254 1127 209
1266 283 168
1293 278 117
1324 626 540
1382 1421 392
1395 330 909
1407 868 917
1456 1875 873
1465 1430 201
1495 1780 632
1498 987 329
1519 2072 999
1547 1902 556
1561 134 122
1603 968 70
1609 1895 806
1644 1779 717
1661 347 408
1719 1123 340
1760 476 221
1789 1662 178
1798 1900 135
1821 1653 54
1834 267 553
1835 1698 857
1896 216 88
1916 297 624
2054 1936 766
2057 900 37
2060 525 51
2067 278 785
2076 77 810
2081 1425 120
2125 852 237
2161 1354 185
5 172 78
61 1322 464
67 1956 936
69 1401 256
179 678 306
189 1651 383
198 1043 423
215 1264 406
229 1174 996
230 1327 168
242 1640 689
266 76 188
316 700 334
391 426 891
408 1384 975
415 333 859
435 2124 861
441 1154 390
442 395 483
445 1512 539
485 1713 690
493 2124 49
499 981 289
541 1916 531
553 177 725
573 1425 413
617 1252 913
692 1391 986
720 824 186
721 1648 495
745 615 994
747 540 391
837 568 735
913 275 840
964 1902 511
967 1549 28
1037 793 717
1058 874 763
1118 1299 718
1152 1227 536
1213 1244 575
1220 446 92
1230 486 674
1240 350 570
1258 290 755
1291 1987 916
1295 119 211
1308 1518 892
1314 824 302
1326 1670 12
1345 1897 1000
1367 80 191
1434 350 740
1487 1935 832
1515 1104 652
1529 1304 616
1544 20 536
1572 222 827
1577 1033 644
1585 1486 104
1628 1024 757
1642 1932 169
1647 2016 590
1655 905 365
1659 177 819
1664 356 221
1722 1022 32
1811 749 883
1813 854 195
1824 794 204
1908 873 247
1911 268 732
1939 318 109
1965 1044 12
1973 1441 641
1978 1047 50
1982 1856 103
2005 1721 549
2080 2151 657
2095 2141 906
2097 1026 806
2098 1098 177
2111 744 584
2172 826 110
2179 535 585
2180 412 884
2181 562 595
2189 1041 156
73 1679 347
80 268 574
124 1812 729
128 1698 450
137 1050 487
213 704 54
219 1546 620
276 676 164
294 2132 451
331 1980 806
341 1767 501
355 1155 377
387 1107 967
399 626 227
433 329 537
446 659 515
476 1980 957
496 1280 660
531 257 72
566 1674 413
569 985 480
601 1272 591
660 1842 105
694 173 237
724 1255 917
726 946 537
731 602 139
787 609 941
820 2025 856
876 334 532
941 1725 581
1041 1851 768
1071 239 886
1080 1979 281
1170 305 364
1171 759 8
1187 999 893
1234 1256 273
1273 656 9
1320 1538 975
1347 1997 912
1357 1152 345
1390 1188 727
1422 2090 114
1457 329 434
1556 968 887
1567 1946 235
1592 1138 553
1596 573 688
1600 2150 370
1601 1337 59
1607 676 780
1638 1075 369
1645 1509 634
1666 2063 478
1668 319 864
1675 779 413
1707 795 439
1720 2187 528
1723 6 892
1726 996 758
1774 1164 637
1850 1402 842
1853 833 404
1880 1748 1
1926 175 804
1936 340 368
1950 1441 578
1966 106 824
1985 565 563
2002 711 64
2007 1798 929
2041 1148 516
2168 6 314
